----- Start Round 1 -----
#type       avg     std     min      p5     p10     p50     p67     p75     p80     p85     p90     p95     p99    p999   p9999     QPS   target
read      419.7   589.4   148.8   199.6   214.0   348.7   456.2   510.0   544.6   582.7   626.5   683.5   914.2  6324.1 30803.1  30001.8    30000
read      409.7   514.2   148.8   197.7   212.1   348.8   442.7   498.4   535.8   578.1   625.5   682.8   831.7  6572.5 30883.7  34981.0    35000
read      416.7   538.2   148.8   199.7   214.4   358.8   442.6   497.9   537.8   584.3   635.6   696.9   901.9  5775.1 29866.0  40009.0    40000
read      417.0   407.2   148.8   202.8   218.5   368.7   450.6   501.8   540.3   587.0   641.9   719.2   907.3  4770.9 12141.8  44854.4    45000
read      421.1   556.7   148.8   201.1   216.2   362.0   438.7   489.1   528.1   576.7   635.5   709.4   898.8  7185.4 28852.2  49925.5    50000
read      401.7   326.2   148.8   201.9   217.1   363.8   441.1   485.6   519.8   563.2   620.3   695.0   836.6  4024.5 12843.1  54911.6    55000
read      404.8   400.6   148.8   201.3   216.6   362.3   437.6   480.9   514.0   557.0   617.0   699.0   867.5  4262.4 11052.8  60099.4    60000
read      410.6   819.8   148.8   202.9   218.3   365.0   440.3   484.2   516.9   557.1   613.2   695.6   912.2  4688.5 10895.1  65040.6    65000
read      397.3   515.1   148.8   200.7   216.0   356.1   429.5   471.2   503.5   543.0   595.5   678.1   859.0  4788.3 10000.4  69986.8    70000
read      402.8   416.3   148.8   200.4   216.1   356.7   429.1   469.4   500.1   537.9   590.2   681.0   899.8  5796.5 13013.7  75052.7    75000
read      406.2   600.9   148.8   205.4   222.0   365.3   435.5   476.4   506.7   544.4   596.3   686.6   902.9  5052.0 13432.9  79991.8    80000
read      408.6   478.3   148.8   206.3   224.2   372.8   441.7   481.4   510.0   546.2   595.2   679.2   905.9  4309.1 11245.9  84830.8    85000
read      411.5   361.5   148.8   209.7   228.9   375.7   443.6   483.0   511.9   548.8   599.2   682.3   910.9  5034.9 10980.8  89802.6    90000
read      418.5   407.2   148.8   212.9   233.2   379.8   443.7   483.0   514.1   554.1   613.7   712.9   922.1  4312.1 16881.4  94731.0    95000
read      443.3   446.9   148.8   224.5   249.8   399.0   465.6   508.5   544.0   589.4   651.2   742.0   926.0  6218.2 17974.7  99988.2   100000
read      646.8   404.8   160.7   376.3   406.1   557.0   752.3   821.6   860.1   901.0   943.3  1010.9  1162.3  4376.4 12843.4  99362.6   105000
read      640.9   406.3   148.8   369.3   396.4   550.9   773.9   824.3   853.1   884.5   921.8   976.7  1087.7  4336.5 15227.4 101305.2   110000
Warning! Detected max cpu usage > 95%
CPU Usage Stats (avg/min/max): 90.13%,69.35%,100.00%
----- End Round 1 -----
----- Start Round 2 -----
#type       avg     std     min      p5     p10     p50     p67     p75     p80     p85     p90     p95     p99    p999   p9999     QPS   target
read      410.5   494.5   148.8   202.0   217.0   350.0   452.5   506.8   540.9   578.4   621.4   677.1   810.5  5305.2 30125.8  29936.9    30000
read      420.2   510.3   148.8   201.1   216.8   369.1   457.7   508.2   543.7   586.1   633.3   694.9   868.9  6441.1 29208.7  34875.4    35000
read      408.1   356.9   148.8   201.3   216.9   366.6   448.0   497.9   534.5   577.4   629.0   692.6   843.4  3760.1  8789.2  40023.2    40000
read      424.2   498.4   148.8   201.8   218.0   370.0   450.8   500.9   539.4   585.7   639.1   712.1   939.9  5626.4 27245.2  44950.6    45000
read      402.3   368.0   148.8   202.3   217.7   359.4   434.0   480.2   515.0   561.0   621.9   703.4   859.7  4214.2  9151.0  49948.4    50000
read      391.2   374.3   148.8   200.2   214.4   346.2   417.7   463.2   499.4   544.6   605.9   687.8   851.8  4043.0 13460.0  54839.6    55000
read      405.1   417.1   148.8   201.0   215.9   359.3   432.6   474.2   506.8   548.6   609.1   696.8   892.9  5360.6 13284.4  59859.6    60000
read      382.5   407.8   148.8   195.5   209.9   338.1   407.2   450.7   484.1   525.0   579.7   656.6   823.1  4661.8 14314.0  64729.5    65000
read      408.8   448.0   148.8   203.3   219.5   361.4   437.1   481.0   513.7   554.5   611.1   701.7   914.8  5231.6 20214.8  69850.8    70000
read      401.8   381.5   148.8   201.9   218.3   359.3   433.0   475.1   506.5   544.7   596.6   681.7   900.5  4928.8 13713.4  74912.4    75000
read      421.1   366.1   148.8   206.4   225.2   383.4   459.1   500.2   531.3   569.4   622.0   712.5   981.2  4814.8 10457.3  80014.8    80000
read      441.4   433.2   148.8   209.1   229.2   391.7   468.2   510.9   544.5   588.5   655.7   792.9  1114.3  6244.3 13433.7  84992.6    85000
read      387.4   300.5   148.8   204.2   221.0   358.0   421.6   458.0   485.7   520.0   567.1   642.2   820.3  3762.6  8655.8  90064.8    90000
read      420.4   387.5   148.8   211.3   231.9   378.8   447.2   488.1   518.9   558.1   613.5   710.8   996.7  6004.6 12068.8  94624.4    95000
read      430.3   383.1   148.8   216.7   239.1   388.3   454.9   495.8   528.6   571.2   631.1   736.4   949.4  5103.3 13637.6  99809.0   100000
read      684.1   479.1   160.7   407.4   436.5   569.9   755.8   872.8   922.7   975.2  1032.0  1098.6  1246.0  7385.1 16046.5  95506.8   105000
read      636.9   408.5   160.7   370.6   398.3   539.3   740.2   813.9   852.2   892.4   935.0  1002.4  1152.3  5349.8 15509.1 101157.4   110000
Warning! Detected max cpu usage > 95%
CPU Usage Stats (avg/min/max): 89.99%,54.00%,100.00%
----- End Round 2 -----
----- Start Round 3 -----
#type       avg     std     min      p5     p10     p50     p67     p75     p80     p85     p90     p95     p99    p999   p9999     QPS   target
read      409.2   545.4   148.8   198.6   213.1   349.7   441.7   493.1   526.9   563.5   605.0   659.0   817.5  6031.3 28412.8  29735.0    30000
read      409.2   575.0   148.8   199.1   213.1   347.3   437.1   492.5   529.9   571.3   618.3   676.7   821.7  7016.3 31485.9  34962.8    35000
read      398.8   551.8   148.8   197.0   210.5   334.3   414.8   468.9   508.7   554.2   609.9   677.0   844.3  6796.5 29384.3  39896.5    40000
read      423.6   483.3   148.8   201.0   216.9   369.5   452.2   502.6   540.6   585.7   637.3   709.5   907.3  5938.3 24124.6  44858.6    45000
read      410.8   441.4   148.8   202.5   217.5   362.7   439.4   485.7   521.9   567.3   625.1   705.8   870.7  5319.0 22129.5  50007.2    50000
read      412.6   477.5   160.7   203.1   218.1   359.8   434.4   478.9   512.3   555.9   618.4   705.3   915.2  5809.1 21757.7  54764.4    55000
read      404.4   446.3   148.8   201.5   215.7   355.3   426.5   470.1   504.7   546.4   606.6   692.2   868.2  5894.9 15486.8  59899.9    60000
read      395.4   391.6   148.8   198.7   213.8   354.0   428.6   470.5   503.3   543.8   596.2   676.5   861.9  4160.5 22296.5  64908.4    65000
read      395.9   347.5   148.8   200.3   215.9   358.1   432.7   474.4   505.3   542.8   593.6   675.8   856.9  4154.4 12279.3  69967.2    70000
read      405.8   470.8   148.8   201.9   217.4   362.2   434.5   474.5   504.5   541.7   591.9   678.5   897.0  5608.0 13248.2  74713.2    75000
read      391.2   335.1   148.8   203.1   218.3   356.1   425.7   465.1   494.9   531.5   580.6   661.1   838.3  4345.6  9874.6  79965.2    80000
read      405.8   407.4   148.8   204.3   221.6   365.6   435.0   473.7   504.3   542.1   592.8   682.9   908.4  5505.8 11019.4  85050.4    85000
read      406.8   434.0   148.8   207.5   225.5   367.0   431.6   469.6   500.2   538.0   589.1   677.2   877.8  5374.1 21559.6  90107.2    90000
read      417.7   356.6   148.8   211.8   232.1   377.4   443.1   482.8   514.0   554.6   614.7   716.7   934.7  4526.5 12886.4  94675.6    95000
read      505.7   389.3   148.8   234.0   268.4   453.9   537.5   589.1   636.2   701.8   794.8   947.5  1134.8  4499.7 12654.1 100018.0   100000
read      653.4   379.2   160.7   376.9   407.2   561.1   748.6   825.6   869.0   918.9   979.0  1058.1  1184.4  4680.2 13259.8  98007.2   105000
read      519.4   335.8   160.7   278.0   312.6   477.0   578.8   629.0   663.6   701.9   746.6   808.9   942.1  4493.2 12341.7 109603.6   110000
Warning! Detected max cpu usage > 95%
CPU Usage Stats (avg/min/max): 89.99%,61.50%,100.00%
----- End Round 3 -----
----- Start Round 4 -----
#type       avg     std     min      p5     p10     p50     p67     p75     p80     p85     p90     p95     p99    p999   p9999     QPS   target
read      409.5   511.7   148.8   198.1   212.9   353.9   444.8   494.8   527.8   563.4   604.4   659.7   808.3  5962.6 30087.9  30121.6    30000
read      430.1   677.7   148.8   201.5   216.8   363.5   449.4   499.4   536.1   578.7   626.6   689.1   929.5  7515.6 31745.5  34990.4    35000
read      415.8   499.9   148.8   199.6   214.3   359.5   441.0   492.2   529.9   573.6   624.5   689.4   885.5  6837.3 22838.2  40031.6    40000
read      397.4   529.7   148.8   196.6   210.8   346.8   422.1   469.5   507.2   550.4   605.4   677.8   834.1  5324.7 31115.4  44900.2    45000
read      398.0   452.7   148.8   198.9   212.9   348.8   420.9   467.3   503.6   548.7   607.2   683.9   857.5  6022.4 24886.3  49950.2    50000
read      410.7   528.5   148.8   199.7   214.9   362.9   438.3   482.4   515.3   556.4   611.3   689.7   893.9  5438.3 31217.9  55013.3    55000
read      400.7   438.4   148.8   199.3   213.4   349.7   423.2   467.0   501.9   545.8   607.4   694.8   893.0  5582.9 17794.5  60099.6    60000
read      386.8   322.1   148.8   199.4   213.9   347.5   416.2   456.9   489.3   531.4   587.3   675.5   841.5  4378.1 10492.2  65001.9    65000
read      396.7   469.3   148.8   201.3   216.4   348.5   419.7   461.6   492.8   531.0   583.3   670.2   866.8  6535.8 24379.7  70019.8    70000
read      407.1   446.9   148.8   202.7   218.8   364.5   437.5   479.4   509.6   548.4   601.5   685.5   878.3  6371.8 17163.8  75254.0    75000
read      388.7   327.4   148.8   203.0   218.4   354.0   422.7   461.9   491.1   526.2   574.6   655.7   827.5  3879.3  9822.7  79995.4    80000
read      394.5   352.1   148.8   203.2   218.9   357.9   425.5   464.9   494.4   530.4   580.5   667.0   870.2  4631.3 10496.8  85028.0    85000
read      394.3   336.4   148.8   205.8   222.6   359.4   422.3   460.3   489.9   527.4   579.1   664.8   861.2  4269.5  8905.9  89697.6    90000
read      409.5   350.3   148.8   210.5   230.2   373.6   437.9   476.6   506.3   544.0   597.2   685.5   896.4  4639.8 10224.0  94764.8    95000
read      617.7   357.0   160.7   323.3   365.5   549.5   673.3   757.8   811.9   878.1   955.6  1040.1  1175.5  4176.5 11682.2  98003.1   100000
read      696.6   550.5   160.7   406.9   437.3   579.1   813.3   892.9   936.0   980.2  1027.2  1090.4  1230.0  7073.3 27175.6  94117.2   105000
read      621.0   449.9   160.7   357.8   384.4   523.4   733.4   791.1   824.4   856.7   896.1   943.3  1077.8  6688.3 17165.6 103618.0   110000
Warning! Detected max cpu usage > 95%
CPU Usage Stats (avg/min/max): 90.17%,69.35%,100.00%
----- End Round 4 -----
----- Start Round 5 -----
#type       avg     std     min      p5     p10     p50     p67     p75     p80     p85     p90     p95     p99    p999   p9999     QPS   target
read      410.4   455.6   148.8   200.4   215.9   362.8   453.0   503.2   536.6   574.3   618.4   676.1   820.8  4759.5 30437.6  29983.6    30000
read      410.5   470.7   148.8   199.9   214.8   356.7   442.9   496.0   533.2   574.9   622.2   683.6   890.1  4278.1 20895.5  35024.8    35000
read      401.5   446.0   148.8   196.2   210.6   350.0   430.7   482.7   520.7   563.2   612.6   677.6   837.2  5293.8 15957.0  40078.8    40000
read      400.1   511.9   148.8   198.9   212.8   344.3   418.2   466.7   505.8   551.3   608.9   681.3   848.7  6100.5 30338.5  45031.0    45000
read      406.7   488.4   148.8   199.3   213.6   349.8   425.2   471.6   508.5   554.8   616.1   697.9   919.2  5795.1 25154.6  50083.3    50000
read      410.0   459.1   148.8   200.6   215.5   366.6   441.3   483.9   516.5   557.8   614.7   690.1   856.6  5109.1 20052.8  55167.2    55000
read      403.1   422.3   148.8   200.6   215.4   357.5   430.3   472.1   505.7   548.5   608.1   696.0   872.9  5907.2 14222.2  60042.0    60000
read      409.7   496.2   148.8   203.5   218.9   362.2   436.3   480.4   513.2   554.3   610.5   694.8   909.1  5168.3 21427.6  64863.4    65000
read      407.0   398.4   148.8   201.9   217.7   363.7   438.7   480.0   510.7   549.2   604.1   692.9   906.7  4969.4 12530.2  70030.8    70000
read      390.4   339.3   148.8   200.1   215.3   353.2   425.4   466.6   497.2   534.4   585.7   670.9   857.2  3935.6 11188.7  74956.8    75000
read      391.3   294.0   148.8   203.2   219.5   359.0   426.8   465.7   495.2   530.7   579.9   662.8   847.0  3604.2  9978.8  79942.2    80000
read      424.8   548.7   148.8   208.3   227.5   380.3   449.2   489.0   519.7   559.2   615.2   710.2   960.5  5277.0 20918.2  84908.2    85000
read      402.6   389.7   148.8   205.3   223.0   364.0   429.0   468.4   499.7   538.5   591.6   679.9   866.9  5575.1 12308.9  90149.3    90000
read      507.4   411.4   148.8   229.1   262.1   454.8   531.0   581.3   632.6   717.3   833.8   962.9  1113.8  4423.8 16023.1  94870.4    95000
read      537.0   431.0   148.8   251.8   293.7   473.2   570.6   646.6   703.2   761.6   834.7   948.0  1135.5  4638.6 15671.4  98930.6   100000
read      547.5   443.9   148.8   277.0   315.4   501.5   595.9   651.7   690.0   735.9   796.0   912.0  1099.3  6274.1 17372.2 104920.2   105000
read      625.0   442.5   173.5   354.8   383.3   543.9   704.1   769.9   810.0   857.9   918.2  1000.6  1147.5  5609.3 15103.4 102981.2   110000
Warning! Detected max cpu usage > 95%
CPU Usage Stats (avg/min/max): 89.99%,64.65%,100.00%
----- End Round 5 -----
