----- Start Round 1 -----
#type       avg     std     min      p5     p10     p50     p67     p75     p80     p85     p90     p95     p99    p999   p9999     QPS   target
read      392.3   461.3   148.8   194.4   208.0   337.4   425.9   476.0   508.3   542.5   581.7   633.6   800.5  5523.2 22155.4  29954.8    30000
read      398.3   504.3   148.8   194.7   208.8   346.8   427.4   477.8   512.2   551.6   599.7   662.5   807.0  6054.4 26949.8  35048.2    35000
read      404.0   526.7   148.8   198.3   212.7   354.5   429.1   475.8   510.5   552.3   605.1   677.9   851.3  6413.5 31019.6  39977.8    40000
read      418.4   504.5   148.8   200.4   215.8   373.7   449.4   493.6   527.9   570.6   624.6   700.4   891.3  5835.4 30445.7  45059.0    45000
read      405.1   434.2   148.8   200.7   215.3   363.5   436.8   480.4   513.1   555.9   614.8   693.6   861.6  4854.2 18957.5  50057.2    50000
read      393.1   383.6   148.8   196.4   210.8   350.7   423.1   465.7   500.3   542.9   600.6   689.0   851.2  4383.4 14451.4  55099.8    55000
read      414.3   561.2   148.8   199.3   214.4   362.8   437.9   481.4   514.5   556.7   614.0   699.8   928.1  5347.8 30951.2  60151.6    60000
read      396.4   436.5   148.8   197.3   212.0   351.9   423.7   465.0   496.7   535.6   589.7   678.1   870.7  5438.2 15144.1  64950.2    65000
read      393.1   428.2   148.8   198.7   213.4   347.9   419.9   461.0   491.9   531.0   586.2   677.1   865.4  5371.4 15691.3  69921.4    70000
read      415.8   496.5   148.8   201.3   218.0   367.6   442.0   483.3   513.9   552.5   608.0   698.9   933.3  6695.7 24177.8  74864.2    75000
read      428.8   441.5   148.8   205.2   224.5   385.5   460.8   502.4   533.8   573.2   629.9   731.7  1025.8  5347.2 23786.0  80135.8    80000
read      394.4   331.3   148.8   203.7   220.5   361.1   428.6   467.0   496.4   533.0   582.6   662.4   858.2  4010.4  9370.2  84971.6    85000
read      454.4   380.0   148.8   217.1   242.1   413.5   489.9   535.4   572.1   621.7   690.0   806.8  1017.1  4259.3 12179.9  89845.8    90000
read      462.1   483.4   148.8   220.2   245.5   408.7   480.7   527.6   566.8   620.5   695.7   811.7  1034.8  6124.1 21368.4  94935.6    95000
read      499.7   308.0   160.7   247.3   282.4   456.1   532.2   584.2   628.4   687.1   775.2   889.8  1069.5  3008.6 10374.9  99244.4   100000
read      682.2   439.5   160.7   406.7   434.8   568.4   793.2   881.2   923.6   968.0  1014.2  1081.2  1202.0  5048.1 15776.1  95579.4   105000
read      614.2   409.5   160.7   351.6   378.7   532.8   732.2   782.0   811.7   843.8   877.5   931.3  1073.5  4920.7 17522.1 104611.6   110000
Warning! Detected max cpu usage > 95%
CPU Usage Stats (avg/min/max): 90.29%,66.67%,100.00%
----- End Round 1 -----
----- Start Round 2 -----
#type       avg     std     min      p5     p10     p50     p67     p75     p80     p85     p90     p95     p99    p999   p9999     QPS   target
read      399.6   470.3   148.8   197.4   211.3   339.6   432.0   483.4   518.1   554.9   598.4   657.2   834.7  5282.1 28083.8  29853.2    30000
read      406.5   436.8   148.8   199.0   214.7   364.7   444.0   493.2   527.8   566.9   612.3   671.3   807.1  4530.2 28317.3  34835.4    35000
read      411.3   860.6   148.8   196.9   211.0   350.5   428.5   479.1   515.9   558.3   608.8   674.4   868.5  7699.7 30676.6  39939.2    40000
read      412.3   469.4   148.8   199.0   213.8   364.2   442.8   490.5   526.6   571.3   629.3   714.3   899.3  4389.6 30458.6  44862.4    45000
read      414.2   495.4   148.8   200.3   215.5   363.6   438.7   485.5   521.4   565.5   623.2   704.3   886.5  6839.4 27880.6  50028.8    50000
read      413.7   477.4   148.8   200.0   215.5   360.5   437.4   484.8   520.5   565.5   622.5   709.0   941.6  5973.5 21852.1  55037.0    55000
read      397.2   535.0   148.8   199.3   213.9   356.6   427.9   468.3   501.4   542.5   597.5   681.6   847.2  4938.5 12674.9  60013.1    60000
read      385.0   344.2   148.8   198.5   212.8   345.8   416.0   456.9   487.9   527.2   580.8   664.7   826.5  4224.3 10827.1  65000.2    65000
read      399.6   630.9   148.8   201.2   216.4   358.0   432.2   473.2   503.8   542.2   593.5   682.8   877.9  4896.6 14366.1  69757.6    70000
read      421.7   429.7   148.8   203.5   221.3   377.9   455.3   497.9   529.9   569.2   622.8   712.6   954.1  5092.2 12832.6  75044.0    75000
read      397.7   386.6   148.8   201.6   217.8   358.3   427.3   467.1   498.0   536.0   586.4   669.3   869.8  4933.9 13197.9  80178.0    80000
read      390.6   336.1   148.8   203.0   219.2   356.0   421.7   460.8   490.5   526.8   576.3   659.9   857.2  3975.5 11357.7  84861.1    85000
read      399.1   396.8   148.8   204.1   221.0   360.3   424.0   462.0   491.3   527.7   578.9   667.3   889.6  5077.3 13720.6  89980.7    90000
read      629.4   480.8   148.8   311.1   361.7   547.1   665.8   766.9   835.4   906.9   981.7  1066.2  1206.1  5878.4 19450.5  94392.8    95000
read      429.3   382.6   148.8   219.6   243.1   389.3   454.7   496.7   531.0   574.7   633.5   727.0   910.5  4333.9 13439.1  99944.3   100000
read      617.5   481.9   160.7   350.6   378.7   532.8   717.2   773.1   806.5   842.4   881.3   937.2  1091.1  7335.2 19276.0 102034.2   105000
read      669.1   434.3   160.7   396.4   422.2   545.2   804.8   872.0   905.7   939.1   981.7  1034.7  1177.3  5339.1 15427.5  97383.4   110000
Warning! Detected max cpu usage > 95%
CPU Usage Stats (avg/min/max): 90.19%,58.00%,100.00%
----- End Round 2 -----
----- Start Round 3 -----
#type       avg     std     min      p5     p10     p50     p67     p75     p80     p85     p90     p95     p99    p999   p9999     QPS   target
read      412.6   580.5   148.8   197.4   212.0   356.3   443.5   492.7   525.4   561.6   604.4   661.7   840.6  6730.5 30802.9  30002.6    30000
read      396.8   525.7   148.8   195.7   209.3   335.8   415.7   467.3   503.7   545.1   593.6   654.8   873.3  6388.0 29709.9  34905.4    35000
read      409.6   471.3   148.8   201.1   216.0   359.8   435.4   485.0   522.0   565.0   617.9   685.0   856.3  4948.3 24943.8  39830.0    40000
read      403.4   359.6   148.8   200.0   215.3   364.2   437.0   482.3   516.4   559.6   616.1   690.1   838.5  4031.8 12029.4  45118.6    45000
read      421.6   456.9   148.8   200.0   215.8   374.4   451.4   496.6   531.6   575.2   631.1   717.5   978.3  5387.6 14241.6  49903.0    50000
read      411.8   437.7   148.8   200.5   215.9   369.9   444.6   486.6   518.5   559.6   615.6   691.5   871.2  4654.2 16811.2  55168.8    55000
read      392.8   319.2   148.8   198.4   213.0   357.5   430.1   470.5   502.8   542.1   595.4   678.4   847.0  4072.5 11371.8  59955.6    60000
read      398.0   440.9   148.8   198.7   213.3   353.3   427.6   468.7   500.3   539.8   593.1   682.7   869.4  4922.2 20396.7  64914.0    65000
read      392.6   376.8   148.8   198.2   213.1   352.9   425.9   465.9   496.2   533.7   585.3   673.4   859.8  4053.4 14439.5  69848.0    70000
read      407.6   474.1   148.8   202.2   218.4   364.5   436.5   477.4   506.7   543.5   592.2   679.0   889.8  6192.1 23235.1  74758.0    75000
read      399.1   312.9   148.8   203.5   220.1   366.3   437.9   478.8   508.0   545.1   593.5   672.3   854.0  3915.0  8115.6  79876.2    80000
read      432.7   483.2   148.8   208.1   227.7   386.6   459.2   500.6   532.7   573.8   633.3   741.2  1033.9  5240.6 30163.0  84845.6    85000
read      420.6   453.3   148.8   205.9   224.4   372.4   440.5   481.0   511.6   551.4   612.9   724.0  1045.1  6159.7 15675.7  89919.6    90000
read      433.7   305.8   148.8   217.3   240.2   396.4   464.7   505.3   538.5   581.3   645.8   773.7  1014.8  3444.2 12009.2  94848.8    95000
read      520.7   404.7   148.8   249.9   289.0   470.2   551.6   610.3   659.9   722.2   800.2   918.1  1092.7  5165.3 17688.5  99675.2   100000
read      630.1   441.1   160.7   357.3   386.3   545.0   742.6   796.6   830.2   864.1   907.2   965.3  1094.8  5183.4 19333.7 100963.4   105000
read      540.1   409.1   148.8   243.7   290.2   472.8   581.8   670.3   725.9   780.5   844.7   939.1  1103.8  5163.6 14696.8 105279.9   110000
Warning! Detected max cpu usage > 95%
CPU Usage Stats (avg/min/max): 89.74%,60.80%,100.00%
----- End Round 3 -----
----- Start Round 4 -----
#type       avg     std     min      p5     p10     p50     p67     p75     p80     p85     p90     p95     p99    p999   p9999     QPS   target
read      429.1   703.0   148.8   199.1   214.5   357.4   451.6   501.2   534.6   571.0   613.4   673.5   988.6  7821.2 30121.1  29959.6    30000
read      424.3   601.8   148.8   199.7   214.7   356.8   442.9   495.5   531.9   572.7   620.3   683.2  1170.0  7255.2 30960.2  35088.4    35000
read      413.4   410.4   148.8   200.9   217.1   370.8   447.5   494.6   530.3   572.3   622.9   689.2   855.2  4294.0 14174.2  39982.8    40000
read      404.6   447.7   148.8   199.1   213.7   356.6   432.7   479.4   514.1   556.7   613.7   689.2   859.2  4990.1 19131.9  44983.4    45000
read      405.8   410.7   148.8   199.0   213.6   360.4   434.9   480.4   515.0   558.6   617.7   700.4   900.9  4355.3 11366.9  50021.6    50000
read      396.7   435.7   148.8   197.5   212.3   353.1   425.8   468.8   502.7   544.4   598.6   675.9   848.7  5760.1 18242.5  55045.8    55000
read      412.1   466.7   148.8   199.6   215.3   368.6   445.5   488.6   520.9   561.3   616.4   696.9   896.1  6053.9 28613.1  60079.6    60000
read      411.6   553.9   148.8   199.1   214.8   356.6   432.0   474.0   506.9   547.9   604.9   690.9   921.4  7018.5 29561.4  64919.0    65000
read      404.1   436.1   148.8   199.7   215.4   359.0   435.4   476.0   506.4   545.1   598.6   684.1   891.2  4839.8 15982.4  69910.4    70000
read      394.3   392.4   148.8   200.2   215.9   355.8   427.2   467.5   498.0   535.5   586.6   669.8   857.1  4315.0 14721.8  75075.5    75000
read      410.2   380.9   148.8   204.0   221.8   374.0   447.5   487.7   517.0   552.5   602.0   682.8   916.7  4624.4 13439.0  79949.6    80000
read      403.3   408.9   148.8   203.9   220.9   364.1   431.8   470.5   500.1   536.6   586.2   673.5   874.5  5351.5 12999.4  85029.0    85000
read      437.3   351.3   148.8   210.3   231.8   399.0   472.8   513.6   544.6   585.9   648.3   796.6  1053.3  3804.1 12089.0  90098.4    90000
read      459.4   468.0   148.8   221.3   247.5   410.5   483.8   531.5   572.2   625.5   694.9   799.0  1000.6  6696.4 17790.0  95068.6    95000
read      638.8   518.0   160.7   361.3   392.2   542.0   736.1   801.6   840.0   878.8   922.1   984.7  1138.7  5872.8 23821.1  98096.2   100000
read      624.7   355.3   160.7   340.1   384.3   542.0   650.7   766.4   842.7   919.2   987.0  1059.3  1172.4  3866.3 13127.9  99072.4   105000
read      634.2   412.9   160.7   378.0   404.9   524.3   751.9   821.2   857.2   893.6   930.3   987.1  1095.7  4966.7 16092.3 102066.2   110000
Warning! Detected max cpu usage > 95%
CPU Usage Stats (avg/min/max): 90.14%,61.31%,100.00%
----- End Round 4 -----
----- Start Round 5 -----
#type       avg     std     min      p5     p10     p50     p67     p75     p80     p85     p90     p95     p99    p999   p9999     QPS   target
read      406.5   511.9   148.8   197.9   212.3   354.6   439.4   488.9   521.6   558.2   599.6   655.1   815.0  5491.2 30626.3  30057.4    30000
read      392.2   414.3   148.8   195.9   209.4   340.3   423.8   473.3   509.6   551.2   600.8   664.5   795.3  5714.0 17793.7  35052.8    35000
read      415.2   540.0   148.8   197.7   212.7   358.9   439.5   490.9   528.5   570.3   618.6   681.0   868.7  5497.9 29493.9  39898.0    40000
read      404.5   495.9   148.8   199.0   213.4   347.6   425.6   475.2   514.1   561.7   621.1   694.8   862.5  5600.1 27587.5  44862.0    45000
read      417.9   461.7   148.8   199.9   215.6   372.2   447.3   492.2   527.3   570.0   625.3   702.4   909.0  5799.9 23559.5  49958.2    50000
read      409.7   431.1   148.8   200.9   216.5   366.4   440.5   484.5   518.5   561.5   618.5   699.8   871.4  4631.9 14510.6  54993.5    55000
read      399.4   385.1   148.8   200.3   215.1   358.0   429.4   470.7   503.7   545.9   603.3   687.9   863.1  4527.8 10883.4  59851.0    60000
read      407.9   468.7   148.8   199.2   214.3   360.0   435.5   477.3   507.9   548.0   605.1   694.8   908.0  5846.1 16900.8  65093.2    65000
read      400.6   330.2   148.8   200.5   216.7   365.9   442.5   484.0   512.8   548.7   599.7   681.0   858.2  4009.3  9489.0  70051.4    70000
read      399.2   423.2   148.8   202.0   217.7   355.8   428.0   469.4   499.7   537.3   588.4   678.6   864.3  4867.2 19260.7  74881.0    75000
read      414.3   573.4   148.8   203.3   219.8   361.9   431.1   470.5   501.0   540.3   594.8   689.7   931.4  6443.8 30113.2  80036.8    80000
read      407.8   364.5   148.8   205.6   223.7   370.2   439.0   479.2   508.5   545.7   596.2   681.9   893.5  4438.7 10850.3  84892.8    85000
read      395.1   375.9   148.8   205.8   223.6   362.8   425.3   461.9   490.6   526.6   576.0   657.9   843.4  4047.3 12873.6  90087.9    90000
read      427.6   449.4   148.8   216.3   239.0   391.5   459.4   500.4   532.7   572.7   627.0   718.3   926.2  4390.4 12152.2  94716.0    95000
read      613.9   561.6   160.7   325.3   363.7   535.0   685.3   759.9   805.8   856.9   917.4   998.3  1147.5  5867.7 17099.6  98353.4   100000
read      497.1   485.3   148.8   244.7   279.8   448.9   530.2   581.3   622.7   674.7   744.8   874.7  1081.6  4532.7 12733.6 103809.2   105000
read      624.8   386.7   160.7   360.4   388.3   533.2   735.0   796.1   831.6   866.6   910.3   969.4  1095.2  4703.8 15308.5 102688.2   110000
Warning! Detected max cpu usage > 95%
CPU Usage Stats (avg/min/max): 90.25%,63.18%,100.00%
----- End Round 5 -----
