./mcperf -s 10.0.16.3 -a 10.0.16.2 --noload -T 16 -C 4 -D 4 -Q 1000 -c 4 -t 1200 --qps_interval 10 --qps_min 5000 --qps_max 100000 --qps_seed 3274 | tee out.txt
Random waveform, supplied seed
Total number of intervals = 120 (7434, 67201, 85927, 63953, 31595, 87879, 7287, 62295, 6561, 22532, 60653, 59076, 60154, 22964, 8172, 27652, 37594, 24367, 33771, 84944, 85666, 51918, 34406, 28664, 38289, 20658, 13840, 93419, 98284, 71313, 42089, 46458, 30755, 42889, 93552, 65694, 29574, 51355, 67361, 16287, 81508, 87619, 99068, 51267, 11822, 97494, 97350, 55460, 85984, 82043, 52873, 13911, 49984, 9274, 27187, 18735, 86505, 93039, 75999, 32324, 84255, 81759, 37291, 53818, 30297, 31569, 38927, 10652, 98119, 48176, 34929, 69735, 20753, 84642, 42333, 61587, 77998, 97625, 23781, 66723, 31016, 47394, 95335, 5252, 65908, 16889, 42912, 99898, 26385, 22616, 50605, 90283, 26273, 48521, 34058, 75648, 19482, 15054, 75754, 5187, 17656, 96343, 36665, 85269, 31525, 61798, 12253, 25710, 79937, 7271, 85861, 91467, 72217, 31080, 76878, 84584, 12492, 57106, 96245, 6791)
Average QPS expected = 51270
Timestamp start: 1684089288580
Timestamp end: 1684090488986
#type       avg     std     min      p5     p10     p50     p67     p75     p80     p85     p90     p95     p99    p999   p9999      QPS   target
read      442.6   372.3   173.5   266.1   301.0   418.7   458.1   481.0   499.1   522.3   554.3   613.5   769.6  7222.1 12717.6   7450.2     7434
read      372.0   402.6   160.7   211.5   224.0   313.4   377.2   419.9   454.0   495.9   547.4   621.0   927.5  5056.8 12571.3  67320.7    67201
read      348.0   412.2   160.7   209.2   221.4   298.3   350.4   384.5   410.9   445.3   492.6   565.4   794.6  5338.1 18551.3  85851.8    85927
read      455.7   744.7   160.7   222.3   237.0   357.7   439.3   491.8   531.7   579.8   642.1   771.2  1908.2  9027.4 31945.4  63980.4    63953
read      433.4   361.9   160.7   223.3   238.8   379.3   483.8   536.5   569.5   604.5   645.4   714.9  1052.6  4039.3 14805.8  31464.6    31595
read      358.6   208.0   160.7   216.5   228.9   321.0   380.0   416.1   443.7   478.1   525.5   597.2   786.3  2262.6  7751.6  87855.8    87879
read      668.9  1982.2   173.5   243.3   271.9   430.5   485.3   516.1   538.8   568.1   612.2   740.5  6627.0 32015.7 49495.9   7320.8     7287
read      376.5   435.7   160.7   210.8   223.1   310.6   375.2   420.9   458.5   504.9   559.1   631.5  1064.9  5473.6 15878.0  62278.1    62295
read      658.9  1930.3   173.5   247.5   278.9   424.6   475.5   504.9   528.5   555.8   597.9   745.8  6551.7 31756.4 47086.9   6594.8     6561
read      593.2  1342.4   160.7   218.6   235.0   424.4   536.6   597.2   636.4   679.3   738.0   910.6  5717.7 24201.1 36565.7  22607.5    22532
read      380.6   390.6   160.7   213.9   226.5   322.9   394.9   441.6   478.8   524.3   576.7   648.5   869.1  5267.0 16735.8  60626.5    60653
read      389.7   266.9   160.7   219.9   233.4   342.7   418.1   464.2   500.6   543.3   592.9   666.6   874.9  2554.9 10248.1  59078.0    59076
read      387.5   221.6   160.7   221.1   234.8   344.0   418.9   464.9   501.0   543.9   595.6   668.1   851.8  1840.5  7955.1  60176.0    60154
read      435.9   273.3   160.7   226.7   243.6   409.7   504.4   544.1   569.9   596.8   632.8   688.2   892.1  3055.3 10871.8  22982.1    22964
read      455.3   394.1   173.5   263.4   296.9   433.2   475.7   499.9   517.6   540.4   571.5   625.1   791.4  6383.4 16227.1   8178.7     8172
read      443.7   331.9   160.7   229.3   247.5   411.5   498.8   543.9   573.6   605.9   644.1   706.5   926.0  3682.2 12732.1  27648.9    27652
read      429.1   393.3   160.7   220.8   234.5   363.9   466.0   526.9   565.4   605.4   653.1   729.1  1146.1  4361.2 15760.6  37610.5    37594
read      452.5   469.9   160.7   225.6   241.8   404.1   507.3   552.0   580.9   613.2   652.0   720.3  1148.8  6559.5 19214.3  24376.3    24367
read      446.0   348.6   160.7   225.1   241.2   386.2   494.2   552.1   589.6   630.6   679.4   754.8  1137.7  4084.2 10130.7  33737.6    33771
read      372.0   344.5   160.7   218.7   230.5   322.3   382.0   418.7   447.6   484.5   535.6   617.5   924.9  4454.1 12223.2  84958.6    84944
read      369.6   390.9   160.7   217.0   229.0   318.5   377.6   414.0   441.9   477.5   527.4   605.6   873.5  5129.9 13498.9  85555.7    85666
read      421.8   417.5   160.7   221.2   235.2   354.4   439.5   495.3   536.9   583.4   638.4   724.4  1221.4  4711.1 16121.4  51987.9    51918
read      425.0   361.8   160.7   220.2   233.6   363.1   470.0   527.0   562.3   598.3   640.2   708.6  1057.2  4301.3 14279.6  34334.2    34406
read      438.9   411.2   160.7   222.9   237.9   383.1   494.4   545.0   576.1   609.8   649.6   716.6  1061.0  4827.3 15372.4  28724.8    28664
read      416.7   351.9   160.7   219.8   232.7   355.8   455.2   514.7   551.8   590.1   634.7   701.7  1044.4  3896.2 15361.0  38333.8    38289
read      448.3   422.3   173.5   225.9   242.5   416.0   504.2   542.9   568.5   595.0   632.2   690.9  1049.4  5297.2 15540.4  20633.1    20658
read      450.2   325.5   173.5   237.6   258.0   442.2   502.1   532.1   551.6   576.6   607.0   660.6   827.7  4545.1 13330.5  13795.9    13840
read      374.6   360.2   160.7   218.7   231.1   326.1   384.7   421.1   449.8   486.4   537.6   622.5   934.7  4653.5 10759.0  93451.2    93419
read      357.6   353.6   160.7   214.3   226.7   312.7   364.7   396.6   422.2   454.4   499.2   577.6   898.7  4594.9 12041.0  98143.5    98284
read      378.6   414.7   160.7   215.6   227.8   320.1   384.3   425.7   459.0   501.7   557.1   635.6   936.3  5305.9 14356.5  71348.7    71313
read      408.8   464.8   160.7   215.4   228.2   340.3   430.8   489.8   529.5   570.0   615.8   684.8  1093.2  5151.7 15850.2  42091.1    42089
read      407.9   308.7   160.7   218.5   231.1   345.7   434.0   491.5   532.5   576.4   627.5   703.9  1076.2  3684.6  9966.6  46279.2    46458
read      423.3   417.3   160.7   218.0   230.8   362.7   466.7   518.4   550.8   584.7   626.4   690.6  1103.5  5038.6 13579.2  30789.9    30755
read      398.7   352.4   160.7   214.4   227.2   337.1   424.8   482.1   521.5   561.7   606.4   673.0  1028.8  3876.2 12963.2  42908.3    42889
read      358.1   364.8   160.7   213.6   225.9   310.4   363.9   397.1   423.9   457.5   503.5   581.9   878.1  4917.9 11755.9  93569.3    93552
read      397.9   535.8   160.7   215.2   227.7   322.5   389.9   434.5   471.3   518.0   576.5   666.0  1420.4  6612.8 29648.4  65719.2    65694
read      418.8   330.0   160.7   218.3   230.9   362.5   467.1   517.0   547.6   580.9   621.4   685.2  1091.5  4289.2  9992.0  29560.8    29574
read      403.2   432.9   160.7   216.4   229.0   337.6   419.3   472.6   513.6   559.2   611.6   686.8  1090.2  4160.5 14822.0  51306.5    51355
read      392.8   528.1   160.7   214.8   227.2   320.1   385.6   429.4   465.6   510.3   567.8   650.6  1283.8  6402.7 30239.2  67371.0    67361
read      433.4   419.7   173.5   225.9   243.1   411.7   475.5   506.4   529.0   553.1   586.7   641.3   985.5  5201.1 13783.6  16320.4    16287
read      360.7   368.6   160.7   213.1   225.4   310.2   366.2   401.4   430.4   467.0   517.3   593.0   876.8  4701.9 11702.9  81543.7    81508
read      360.0   405.6   160.7   213.3   225.6   310.6   364.8   398.7   426.3   461.7   509.8   588.5   880.8  4659.6 14326.9  87629.9    87619
read      359.9   325.4   160.7   216.1   228.5   317.4   371.0   403.2   429.3   461.9   506.2   581.3   825.0  4692.0  8299.8  99107.0    99068
read      381.9   340.4   160.7   213.0   225.5   322.1   396.4   447.8   488.2   533.1   581.5   642.5   941.7  4133.3 13450.1  51243.3    51267
read      440.8   505.0   160.7   236.5   258.5   416.3   466.4   493.6   511.9   537.1   569.7   624.3   922.2  6099.4 28574.7  11833.6    11822
read      351.0   347.8   160.7   213.8   226.2   309.3   359.4   390.7   415.1   446.8   491.2   563.3   795.8  4218.8  9301.7  97272.6    97494
read      356.2   340.3   160.7   214.0   226.3   311.7   364.2   396.5   422.3   455.1   499.9   575.8   844.4  4829.9 11410.2  97337.0    97350
read      386.2   423.7   160.7   214.6   227.0   323.7   395.5   445.2   484.7   530.4   581.8   651.6   956.5  4793.4 13896.5  55597.8    55460
read      360.0   340.9   160.7   214.3   226.6   311.6   366.3   400.5   428.5   463.8   513.1   590.9   896.0  4625.4 11763.1  85840.3    85984
read      360.5   368.0   160.7   215.6   227.8   311.8   366.9   401.8   430.6   466.9   517.5   591.8   814.0  4903.3 14070.4  82021.6    82043
read      383.8   335.2   160.7   214.6   227.0   323.7   397.7   449.4   489.7   535.9   585.6   652.5   958.6  3961.5  9506.2  52783.2    52873
read      435.4   430.8   160.7   229.6   248.2   416.2   472.5   501.2   522.0   545.5   578.6   631.8   921.5  5468.2 16395.0  13904.1    13911
read      388.8   342.7   160.7   214.4   227.0   329.2   405.5   459.3   499.7   543.6   590.6   655.7   946.9  4172.7 13237.8  49913.7    49984
read      429.7   339.9   173.5   244.7   271.2   409.8   452.5   474.7   493.8   515.0   546.3   603.4   902.4  4599.5 13483.0   9255.2     9274
read      427.8   543.8   160.7   219.7   233.1   374.4   465.6   509.4   537.8   569.0   606.6   671.2  1088.7  6399.1 28602.2  27103.7    27187
read      423.4   308.5   160.7   223.4   239.0   403.3   476.1   509.3   532.3   557.3   589.9   641.8   921.2  3937.9 10159.6  18738.2    18735
read      358.8   388.6   160.7   213.2   225.4   309.2   363.1   396.8   424.2   459.1   507.4   584.9   870.8  4984.9 12788.5  86460.0    86505
read      361.0   388.9   160.7   214.4   226.8   313.1   366.1   398.9   425.6   459.1   505.1   582.8   891.8  4910.2 15411.8  93230.0    93039
read      366.4   409.7   160.7   212.9   225.1   310.0   367.4   404.1   434.7   474.2   529.9   610.4  1010.8  4744.9 16809.6  75955.0    75999
read      412.5   398.1   160.7   216.6   229.4   353.3   453.7   506.1   538.5   572.5   612.3   677.1  1100.1  3990.3 15307.2  32186.6    32324
read      361.0   353.9   160.7   213.1   225.5   311.1   366.7   401.7   430.6   466.4   516.3   593.0   915.5  4907.5 11066.6  84251.7    84255
read      366.1   396.5   160.7   214.6   226.8   313.8   370.6   406.1   435.5   472.6   526.3   606.4   931.1  4454.0 14072.8  81783.0    81759
read      406.3   433.5   160.7   215.9   228.5   342.7   436.9   494.3   531.2   568.8   611.2   673.8  1005.0  4359.8 12395.7  37329.9    37291
read      392.0   467.1   160.7   215.2   227.7   328.1   401.9   453.1   493.1   539.0   588.9   656.2   937.6  4752.7 19560.9  53694.5    53818
read      417.3   413.9   160.7   217.3   230.2   358.1   460.2   510.1   541.1   573.9   612.9   676.1  1018.5  4368.0 16955.8  30305.9    30297
read      414.2   387.6   160.7   216.8   229.7   354.1   455.0   506.0   538.3   572.1   611.7   675.9  1050.3  4151.5 14338.9  31506.6    31569
read      408.3   431.9   160.7   215.4   228.1   341.0   433.6   491.1   528.6   567.3   611.4   678.2  1110.0  4786.5 14063.9  38897.1    38927
read      451.3   447.9   173.5   241.3   265.3   421.9   470.1   498.5   519.4   544.9   582.5   644.5  1074.8  6951.8 19315.1  10665.9    10652
read      360.2   388.1   160.7   214.0   226.4   311.0   362.8   394.9   420.4   452.7   497.2   575.2   936.6  5058.4 11364.2  98044.2    98119
read      459.9   640.4   160.7   217.2   230.4   351.0   448.3   513.1   560.0   615.0   692.0   882.1  1859.9  7725.8 29907.9  48228.3    48176
read      505.4   909.1   160.7   219.0   232.8   379.1   493.0   555.6   598.3   652.1   732.4   917.2  2696.7 11379.0 32249.3  34901.5    34929
read      405.8   605.5   160.7   213.9   226.6   320.5   386.3   430.1   467.0   515.2   578.3   686.6  1595.1  7383.6 30770.3  69681.8    69735
read      503.7   758.0   160.7   222.3   238.6   426.2   522.4   573.4   610.7   655.0   715.1   853.4  2291.1  7705.9 31665.6  20771.3    20753
read      366.8   374.7   160.7   213.7   226.0   313.3   370.2   405.7   434.8   471.1   523.8   608.7  1101.9  4599.6 13109.3  84629.1    84642
read      467.3   679.4   160.7   215.9   229.5   357.6   462.1   524.9   568.9   620.9   692.8   876.4  2008.4  7849.5 30804.5  42408.2    42333
read      434.5   676.9   160.7   215.5   228.7   333.5   408.1   462.6   507.3   562.7   635.9   822.4  1695.2  7742.3 30140.6  61543.9    61587
read      366.7   369.6   160.7   213.6   226.0   312.7   371.4   409.7   440.9   481.0   535.2   617.1   945.9  4702.6 12133.8  77983.5    77998
read      357.4   338.1   160.7   214.4   226.8   312.8   366.1   398.8   425.1   457.9   502.4   578.9   841.4  4854.8 10293.9  97601.1    97625
read      496.6   753.7   160.7   220.9   236.4   415.4   516.9   569.7   607.5   651.8   714.4   847.3  2010.5  9280.1 32297.5  23729.5    23781
read      408.8   548.0   160.7   216.1   228.6   326.5   395.2   441.8   480.6   529.3   591.3   693.3  1547.5  6175.6 28398.3  66774.3    66723
read      503.8   839.1   160.7   219.7   234.3   392.9   504.8   563.0   605.3   658.8   737.9   907.2  2575.1  9149.1 32106.6  30920.5    31016
read      461.7   709.5   160.7   217.1   230.5   351.4   447.4   512.6   560.1   615.7   692.9   897.4  1651.5  8483.7 31505.3  47450.4    47394
read      357.4   376.8   160.7   213.2   225.6   310.4   363.8   396.9   423.5   457.0   503.1   581.6   885.5  4644.7 12835.8  95346.0    95335
read      484.9   734.3   187.4   271.4   306.0   414.2   457.3   483.1   503.4   530.8   570.0   644.6  2330.2  8643.6 31430.3   5270.3     5252
read      421.3   528.8   160.7   217.7   230.4   336.4   410.7   461.6   502.6   553.4   623.9   774.0  1516.8  5940.1 27534.9  65845.8    65908
read      520.5   829.1   160.7   228.2   247.3   445.1   531.8   577.3   609.6   645.8   695.5   823.5  2322.8  9361.8 32034.4  16929.0    16889
read      489.5   784.6   160.7   218.7   232.1   361.0   465.9   532.2   580.3   637.6   725.4   960.0  2795.8  8685.7 31539.9  42836.3    42912
read      361.3   390.6   160.7   214.4   226.8   313.2   366.1   398.5   424.6   457.5   502.7   581.8   923.4  5022.4 15071.2  99872.2    99898
read      469.8   682.2   160.7   220.7   235.4   396.3   500.2   547.6   582.0   621.7   674.1   788.5  1450.5  6538.7 31630.1  26330.0    26385
read      420.6   352.0   160.7   219.6   233.3   386.8   476.3   514.5   539.6   568.5   603.4   661.1   936.2  4174.5 12837.0  22741.0    22616
read      385.0   370.5   160.7   212.8   225.3   322.1   399.1   455.1   496.7   540.8   588.9   657.6   976.1  4113.0 13518.5  50500.5    50605
read      363.3   368.8   160.7   214.5   226.7   313.1   367.4   401.3   429.1   464.1   512.6   594.3   961.8  4371.8 12037.1  90184.2    90283
read      437.5   518.5   160.7   220.1   233.9   378.1   480.1   525.0   553.6   585.6   627.7   695.0  1181.0  5110.2 30630.2  26226.2    26273
read      406.1   337.9   160.7   219.5   232.8   345.1   430.2   486.7   527.9   572.5   623.5   696.6  1021.4  4116.4 10436.6  48537.5    48521
read      411.2   221.6   160.7   222.8   238.2   372.3   468.8   520.5   552.4   585.7   625.6   681.6   807.2  1673.2  8675.3  34059.6    34058
read      363.0   188.5   160.7   218.4   230.9   327.2   391.9   430.6   460.6   497.2   543.2   612.0   744.7  1078.7  7653.2  75508.0    75648
read      430.2   234.2   160.7   230.3   249.2   421.6   495.6   529.4   551.4   578.6   610.8   658.1   784.3  2046.7  9720.6  19514.9    19482
read      439.5   301.1   173.5   236.7   257.9   433.4   492.8   522.2   542.2   567.4   597.4   648.4   775.4  3159.0 13522.0  15066.8    15054
read      362.6   189.9   160.7   218.2   230.9   327.2   390.6   428.8   458.3   494.9   541.6   609.8   742.8  1163.3  7594.4  75783.1    75754
read      450.9   444.0   173.5   284.3   318.9   414.2   451.3   471.9   492.2   515.0   552.7   627.0   836.6  7424.6 14983.2   5220.0     5187
read      442.2   248.6   173.5   235.9   258.9   430.3   496.2   529.0   550.3   579.6   616.0   672.0   824.6  2581.0 10391.9  17645.0    17656
read      351.2   177.6   160.7   218.6   231.1   321.8   376.9   409.6   434.3   464.6   504.1   567.9   705.5  1103.8  6439.1  96414.0    96343
read      405.3   237.1   148.8   221.3   236.4   364.5   458.3   511.3   544.7   579.4   619.1   673.8   797.4  1438.2  9257.5  36678.1    36665
read      353.9   284.8   160.7   217.2   229.8   320.4   379.1   414.4   441.0   473.7   518.2   585.3   723.8  1165.0  7458.2  85236.0    85269
read      415.5   440.0   160.7   223.1   238.8   376.0   475.2   524.3   554.8   587.1   625.5   678.3   804.1  2569.9  8584.5  31477.3    31525
read      376.6   190.5   160.7   219.4   232.7   338.1   408.8   453.0   486.8   527.5   576.7   640.8   768.3  1147.7  7909.8  61848.7    61798
read      443.7   270.5   160.7   244.4   270.0   436.0   488.9   516.0   536.1   559.2   590.2   641.4   784.1  2951.4 12523.3  12230.7    12253
read      430.0   237.6   160.7   228.5   247.4   407.9   488.4   528.0   553.9   583.5   620.3   674.9   820.4  3241.9  8729.2  25687.7    25710
read      359.8   373.5   160.7   217.6   230.3   325.5   387.1   424.0   452.2   486.6   531.7   597.5   734.8  1087.4  7972.5  79870.6    79937
read      441.5   341.9   173.5   268.2   302.8   419.0   458.6   481.5   499.4   522.0   551.0   613.5   783.7  6201.6 11774.4   7250.8     7271
read      352.7   164.4   160.7   216.6   229.4   321.1   379.3   414.2   440.1   471.9   515.6   581.7   715.6  1070.6  6582.8  85881.4    85861
read      354.1   179.2   160.7   219.4   232.7   323.4   379.6   413.4   438.3   469.2   510.3   576.7   716.0  1096.3  7785.6  91215.6    91467
read      369.5   192.4   160.7   220.1   234.1   332.6   397.1   436.3   467.3   505.3   552.9   623.4   765.7  1252.4  7738.2  72271.6    72217
read      411.1   249.7   160.7   222.6   238.2   374.3   471.7   519.5   548.9   581.2   619.1   672.3   795.1  1633.5  8789.0  31017.5    31080
read      360.9   174.6   160.7   217.9   230.5   326.1   389.2   427.1   456.1   491.7   537.7   605.1   737.4  1138.6  6285.6  76766.5    76878
read      357.9   178.6   160.7   218.1   230.7   324.9   385.4   421.2   448.2   480.8   524.6   590.6   737.2  1211.5  7736.1  84707.3    84584
read      442.8   283.3   173.5   242.9   267.4   433.1   485.7   512.7   533.2   555.7   588.7   641.4   797.7  3936.9 12444.2  12450.5    12492
read      385.7   218.3   160.7   221.2   235.9   348.5   422.1   466.3   500.6   540.3   586.8   649.5   782.6  1106.0  9915.0  57011.7    57106
read      349.2   150.6   160.7   217.6   230.3   321.9   376.9   408.7   433.1   462.7   501.0   560.6   688.2  1012.4  6073.1  96295.9    96245
read      440.0   383.0   173.5   269.6   304.1   414.1   452.4   473.3   492.1   511.7   544.4   603.6   793.2  5956.8 15791.4   6781.2     6791

Total QPS = 51257.4 (61508904 / 1200.0s)

Total connections = 64
Misses = 0 (0.0%)
Skipped TXs = 0 (0.0%)

RX 15192699782 bytes :   12.1 MB/s
TX          0 bytes :    0.0 MB/s
Warning! Detected max cpu usage > 95%
CPU Usage Stats (avg/min/max): 99.94%,48.48%,100.00%