----- Start ROUDN -----
#type       avg     std     min      p5     p10     p50     p67     p75     p80     p85     p90     p95     p99    p999   p9999     QPS   target
read     1406.2  1533.2   160.7   256.0   286.2   508.2  2282.6  2418.8  2521.4  2808.0  3307.2  3858.1  4091.7 17258.4 32048.8  29893.0    30000
read     1269.6  1926.2   160.7   254.8   285.7   480.8  1135.5  2304.2  2406.8  2524.9  2890.8  3818.8  5540.6 31208.3 38701.5  34939.8    35000
read     1213.3  2306.4   160.7   256.2   286.9   462.0   582.8  2078.7  2331.8  2467.5  2675.1  3880.1  5800.0 32503.8 39855.7  39847.4    40000
read     1140.1  2460.9   160.7   271.4   305.4   503.9   600.3   695.1  1181.7  2386.1  2555.9  4111.9  5512.0 34906.8 38571.9  44973.2    45000
read     1025.3  2081.0   160.7   268.7   302.3   491.4   577.3   644.9   753.3  2290.9  2511.6  3932.2  5432.7 31877.9 40819.3  49901.5    50000
read      959.7  1896.5   160.7   269.8   304.0   486.8   561.8   617.3   680.1  1348.9  2473.9  3915.0  5324.3 31373.9 38928.5  54999.4    55000
read     1364.9  2520.1   173.5   353.3   387.1   658.4   781.4   849.5   917.7  1468.2  4536.8  5040.6  7827.6 32252.7 39518.7  52801.1    60000
read     1298.1  2416.5   187.4   343.1   375.5   624.1   742.3   808.7   870.1  1066.2  4479.6  4988.1  7861.0 32019.3 38525.0  55404.0    65000
read     1365.4  2656.3   187.4   357.1   387.3   645.2   783.0   852.5   914.9  1296.4  4535.7  5049.4  7923.0 33656.6 42842.4  54014.8    70000
read     1448.2  2767.3   187.4   377.4   409.0   678.6   834.3   907.4   979.9  2754.4  4611.9  5088.5  8079.3 33336.6 40799.8  51501.1    75000
read     1390.1  2610.5   187.4   367.5   398.0   651.8   807.5   879.6   940.4  1512.0  4557.4  5050.7  8009.1 32260.7 39473.9  52774.0    80000
read     1358.1  2572.9   187.4   356.1   389.1   638.3   777.0   853.3   922.5  1366.3  4534.3  5027.4  7950.6 32347.3 40173.6  53870.4    85000
read     1444.0  2777.9   202.4   380.5   410.9   665.0   838.8   917.8   991.8  2411.0  4610.7  5085.1  8083.9 34558.6 43244.4  51483.2    90000
read     1369.3  2650.2   187.4   358.0   388.7   643.8   784.3   853.1   916.7  1270.4  4544.1  5060.7  7947.4 32446.8 40370.7  53914.6    95000
read     1443.9  2800.1   187.4   378.2   410.7   663.8   832.8   914.3   984.4  2378.2  4601.7  5086.9  8046.8 34171.5 40787.9  51674.8   100000
read     1342.3  2604.7   187.4   354.6   384.0   634.5   773.0   839.8   897.0  1133.4  4527.4  5013.9  7929.1 32318.6 41118.8  54738.8   105000
read     1427.2  2696.4   187.4   376.2   406.9   671.0   830.0   903.7   973.3  1610.6  4607.0  5073.6  8030.5 32486.3 40429.5  51778.8   110000
Warning! Detected max cpu usage > 95%
CPU Usage Stats (avg/min/max): 71.60%,1.51%,100.00%
----- End ROUDN -----
----- Start ROUDN -----
#type       avg     std     min      p5     p10     p50     p67     p75     p80     p85     p90     p95     p99    p999   p9999     QPS   target
read     1437.9  1676.0   160.7   253.9   284.8   500.6  2289.0  2433.5  2538.2  2935.1  3460.2  3900.7  4213.4 24103.0 33299.7  30039.0    30000
read     1279.5  2100.5   160.7   253.4   284.4   484.8   870.5  2298.4  2403.7  2519.6  2829.0  3789.0  5652.5 31758.8 40311.4  34956.7    35000
read     1235.3  2499.2   160.7   258.7   290.6   471.0   591.9  1416.6  2306.7  2448.3  2646.4  3947.2  5856.5 33959.2 42650.7  39801.2    40000
read     1126.7  2407.8   160.7   266.8   301.9   502.0   598.2   691.4  1097.9  2361.9  2536.7  4110.1  5601.2 32422.9 40440.9  44989.0    45000
read     1008.8  2072.5   160.7   270.1   303.8   501.9   597.5   676.7   783.9  2250.6  2481.9  3772.2  5252.3 31837.6 41002.2  49829.3    50000
read     1351.7  2533.5   187.4   355.7   389.5   651.5   783.9   857.3   924.7  1275.0  4503.6  5060.9  7851.3 32257.2 39480.1  52635.4    55000
read     1316.7  2466.8   187.4   347.4   378.4   639.1   756.6   821.4   878.5  1172.6  4482.7  4983.0  7787.4 32211.1 39617.1  54770.4    60000
read     1412.1  2669.9   187.4   378.7   410.0   652.7   829.7   907.1   972.8  1467.6  4584.4  5085.1  8035.4 32512.2 42959.7  52024.6    65000
read     1395.3  2622.3   173.5   363.6   395.9   658.4   804.2   879.9   955.7  1495.7  4573.5  5041.3  7966.9 32316.0 39230.4  52648.4    70000
read     1432.9  2739.5   160.7   381.5   411.6   656.1   843.3   916.5   981.2  2341.6  4598.0  5049.3  8063.6 34746.6 42460.5  51821.2    75000
read     1410.7  2734.3   187.4   370.0   401.1   651.4   811.8   885.3   943.4  1486.6  4568.2  5049.3  7996.6 32496.4 40800.4  52752.4    80000
read     1407.2  2691.7   187.4   376.2   404.9   648.0   828.3   898.4   957.6  1500.3  4581.4  5068.6  7991.1 35751.9 40896.4  52512.4    85000
read     1340.5  2528.7   173.5   358.0   388.3   639.0   779.6   848.3   908.7  1187.3  4526.3  5000.6  7906.7 34790.0 41348.7  54240.2    90000
read     1467.8  2783.3   202.4   390.7   420.9   651.9   867.1   939.2  1009.1  3565.7  4637.1  5093.1  8108.1 33973.5 42234.8  50723.8    95000
read     1445.2  2784.8   173.5   380.1   412.2   648.1   833.6   916.0   991.3  3510.7  4609.9  5069.6  8033.7 33520.9 40729.2  51812.2   100000
read     1402.6  2718.3   187.4   368.8   398.8   659.8   810.9   876.4   935.9  1377.8  4566.3  5095.6  8057.5 32339.4 41337.5  52858.4   105000
read     1375.3  2686.5   173.5   364.4   393.3   629.7   796.3   866.0   927.0  1364.2  4546.2  5012.9  7945.6 32392.4 38328.5  54054.4   110000
Warning! Detected max cpu usage > 95%
CPU Usage Stats (avg/min/max): 89.70%,70.62%,100.00%
----- End ROUDN -----
----- Start ROUDN -----
#type       avg     std     min      p5     p10     p50     p67     p75     p80     p85     p90     p95     p99    p999   p9999     QPS   target
read     1386.9  1547.7   160.7   246.0   275.2   488.5  2272.6  2395.2  2501.4  2764.1  3327.9  3853.2  4065.7 17885.2 32020.3  30039.4    30000
read     1262.9  1924.9   160.7   251.0   281.5   474.2  1063.7  2293.6  2389.3  2508.7  2906.2  3845.5  5560.3 30996.6 37720.5  34909.6    35000
read     1230.9  2428.0   160.7   256.5   287.2   466.6   582.5  2017.0  2316.9  2455.3  2679.3  3928.3  5826.7 32444.6 44374.2  39929.1    40000
read     1152.4  2624.7   160.7   260.4   293.5   481.0   570.3   657.3  1291.8  2360.2  2532.9  4380.4  5685.0 35622.2 43517.4  44927.0    45000
read     1019.0  2140.6   160.7   262.9   295.3   481.2   566.5   634.5   749.2  2276.0  2496.2  3852.3  5412.5 32004.2 39361.0  49832.8    50000
read     1415.3  2725.8   187.4   375.5   406.5   657.5   826.7   901.0   966.4  1474.9  4562.8  5089.3  8004.5 35132.6 39557.7  51698.0    55000
read     1312.0  2519.3   187.4   340.8   374.4   625.9   739.5   805.6   869.1  1091.9  4472.3  4999.8  7888.5 32335.8 41592.4  55072.0    60000
read     1503.8  2882.7   187.4   395.8   427.6   675.2   877.9   957.5  1027.7  3645.6  4648.3  5119.8  8200.3 35904.4 42302.8  49937.4    65000
read     1360.4  2594.9   173.5   361.9   392.2   644.1   788.5   857.8   919.6  1329.5  4531.9  5016.6  7953.2 32486.1 44551.7  53946.8    70000
read     1378.2  2597.4   187.4   367.3   396.6   649.1   805.2   875.0   934.7  1495.2  4556.6  5015.1  7909.4 33630.8 40881.6  53363.2    75000
read     1367.3  2572.4   160.7   354.4   386.3   655.9   781.1   848.5   914.9  1426.9  4535.6  5043.4  7906.6 32279.1 39191.2  53532.3    80000
read     1402.6  2677.0   173.5   367.2   400.3   662.3   809.4   883.0   945.4  1474.4  4578.5  5070.0  7954.7 32471.1 42027.7  52527.0    85000
read     1398.5  2639.5   173.5   364.4   398.4   654.3   801.0   882.0   954.6  1714.8  4555.2  5057.1  7925.0 32383.5 39858.2  52536.4    90000
read     1399.7  2669.7   187.4   368.5   400.8   651.1   803.1   883.4   951.7  1475.1  4576.2  5054.0  8002.6 32193.2 38681.5  52740.8    95000
read     1432.9  2752.1   173.5   378.3   407.5   663.9   835.7   908.0   974.2  2285.4  4602.0  5070.5  8048.0 32394.7 39768.4  51889.3   100000
read     1464.9  2822.7   187.4   387.9   420.0   662.5   853.9   932.2  1001.0  2710.8  4633.8  5104.3  8025.9 32478.5 40625.9  50921.6   105000
read     1348.9  2664.7   173.5   351.7   383.9   626.7   762.9   837.1   903.1  1216.7  4519.4  5006.7  7971.4 32470.4 48579.0  54692.8   110000
Warning! Detected max cpu usage > 95%
CPU Usage Stats (avg/min/max): 89.95%,71.86%,100.00%
----- End ROUDN -----
----- Start ROUDN -----
#type       avg     std     min      p5     p10     p50     p67     p75     p80     p85     p90     p95     p99    p999   p9999     QPS   target
read     1416.1  1670.9   160.7   249.3   278.7   494.3  2280.7  2414.6  2518.7  2850.1  3367.0  3869.7  4117.7 23427.9 32364.7  29945.2    30000
read     1287.4  2126.6   160.7   254.2   284.9   479.2   852.5  2294.7  2397.8  2520.3  2888.2  3808.4  5701.4 31703.2 37908.0  34966.0    35000
read     1230.7  2689.6   148.8   256.8   289.3   485.6   611.2   897.8  2267.6  2413.4  2563.6  3897.6  5829.3 32404.7 40028.1  39943.6    40000
read     1105.7  2378.5   160.7   262.3   295.6   494.9   602.1   704.6  1243.4  2341.5  2516.2  3830.3  5484.2 32355.9 39517.9  44900.4    45000
read     1032.3  2193.5   160.7   264.7   297.5   487.9   572.1   633.7   728.6  2280.4  2507.3  3962.1  5432.4 32046.4 40156.1  50113.6    50000
read     1385.6  2618.9   173.5   359.4   396.1   640.5   790.3   880.4   970.8  1456.5  4539.3  5050.7  7948.5 32472.0 42106.7  52141.7    55000
read     1346.0  2613.9   187.4   362.4   394.7   614.5   776.3   855.3   919.6  1199.0  4492.3  5018.3  7955.5 32471.8 42263.5  54286.4    60000
read     1383.1  2639.2   173.5   363.7   394.7   657.6   804.0   869.4   929.0  1392.1  4556.3  5051.5  8045.0 32395.0 40556.6  53103.2    65000
read     1241.3  2458.2   160.7   307.8   369.9   573.8   785.8   866.2   924.3  1012.8  4303.8  4988.5  7817.8 32288.3 41048.5  55339.5    70000
read     1391.2  2710.3   187.4   365.3   395.6   636.8   794.7   872.3   941.6  1395.7  4571.9  5048.9  8024.1 32500.3 40809.7  53405.2    75000
read     1382.6  2629.7   187.4   370.8   398.7   640.2   810.4   882.0   939.5  1346.4  4563.4  5073.8  8040.5 32399.6 40170.3  53222.2    80000
read     1403.9  2709.7   173.5   376.2   404.2   642.5   824.5   892.4   944.5  1465.3  4568.0  5054.1  8089.0 33755.6 40052.4  52897.8    85000
read     1420.1  2529.9   173.5   352.7   393.5   660.1   799.4   892.7  1015.1  3314.4  4499.0  5056.1  7797.8 33403.2 42198.4  50767.4    90000
read     1406.5  2667.4   187.4   371.6   402.7   661.0   813.7   885.0   943.9  1435.8  4588.1  5095.5  8020.7 32490.7 43916.7  52432.4    95000
read     1324.2  2447.2   173.5   352.6   383.8   633.9   767.7   839.7   903.1  1176.0  4524.1  5000.9  7805.3 32219.6 40337.8  54521.2   100000
read     1420.8  2622.3   173.5   370.2   404.2   678.7   822.1   896.4   967.7  2776.6  4580.6  5087.8  7956.7 32243.0 39767.0  51393.0   105000
read     1496.9  2812.3   187.4   394.9   426.5   689.8   879.4   954.7  1024.0  3700.9  4661.9  5139.7  8214.7 32417.4 40821.4  49777.0   110000
Warning! Detected max cpu usage > 95%
CPU Usage Stats (avg/min/max): 89.94%,65.00%,100.00%
----- End ROUDN -----
----- Start ROUDN -----
#type       avg     std     min      p5     p10     p50     p67     p75     p80     p85     p90     p95     p99    p999   p9999     QPS   target
read     1416.5  1630.5   160.7   256.6   288.0   513.0  2279.0  2414.8  2515.0  2799.8  3339.7  3876.9  4225.8 21718.9 32169.5  29965.4    30000
read     1343.9  2152.4   160.7   264.3   298.3   503.0  1207.2  2336.2  2452.9  2565.2  3136.5  3911.8  5698.5 31795.8 40738.9  34755.5    35000
read     1262.7  2730.8   160.7   266.6   302.1   501.4   618.0   865.7  2277.0  2439.8  2627.3  4089.3  5881.8 35657.2 43050.2  39941.6    40000
read     1172.4  2730.1   160.7   264.4   298.0   476.5   571.0   680.5  2190.1  2393.5  2561.5  4059.1  5725.2 33957.8 40217.1  44845.2    45000
read     1051.8  2163.3   160.7   270.9   304.8   494.8   581.4   652.1   768.0  2309.1  2524.9  3998.7  5455.3 32016.5 37876.2  50104.4    50000
read     1420.4  2657.3   173.5   380.8   412.2   660.2   842.3   919.5   989.0  2229.4  4579.4  5073.9  7964.5 32360.9 41639.3  51068.9    55000
read     1424.7  2732.3   187.4   377.8   407.5   661.1   832.4   903.2   964.1  1514.7  4593.2  5067.4  8005.8 33591.0 41481.4  52083.9    60000
read     1436.9  2752.4   187.4   381.9   412.6   653.0   843.0   918.5   987.3  1944.7  4599.7  5075.7  8066.0 34180.0 40888.4  51636.4    65000
read     1503.6  2886.7   187.4   401.9   433.9   663.6   882.2   970.2  1049.2  3720.7  4646.2  5099.9  8060.7 35630.9 44024.8  49964.4    70000
read     1424.9  2841.5   187.4   372.8   402.1   662.6   821.8   894.0   958.5  1559.1  4589.6  5065.0  8025.8 32362.8 43351.2  52292.2    75000
read     1478.7  3254.9   187.4   382.7   414.8   681.7   851.2   933.1  1010.7  3589.9  4612.6  5076.9  8094.2 34774.3 51100.9  50277.0    80000
read     1396.7  3341.7   173.5   349.0   385.2   661.5   779.6   849.0   916.4  1389.0  4521.3  5042.6  7926.8 35305.3 63532.8  52616.0    85000
read     1374.6  2773.8   187.4   353.2   385.7   662.0   780.8   847.7   912.3  1379.8  4522.9  5063.5  7977.0 32329.8 47396.1  53330.9    90000
read     1284.0  2561.8   173.5   329.0   364.0   621.3   713.6   772.7   829.7  1007.1  4451.5  4978.9  7715.4 31967.2 40577.6  55890.5    95000
read     1488.2  2962.2   202.4   380.7   415.5   705.8   853.9   932.5  1012.8  3559.3  4634.3  5103.9  8078.1 32495.2 41323.0  50067.8   100000
read     1415.6  2723.2   187.4   370.8   405.3   681.1   816.9   890.2   958.9  1726.2  4590.1  5054.7  7878.6 32456.8 42330.9  51702.8   105000
read     1366.1  2636.7   187.4   357.4   387.8   659.5   790.3   852.6   909.7  1362.1  4523.7  5032.2  7966.8 32286.0 40426.7  53734.3   110000
Warning! Detected max cpu usage > 95%
CPU Usage Stats (avg/min/max): 89.85%,67.17%,100.00%
----- End ROUDN -----
