#type       avg     std     min      p5     p10     p50     p67     p75     p80     p85     p90     p95     p99    p999   p9999     QPS   target
read     1236.2  1283.8   148.8   246.5   280.5   529.3  1923.2  2008.9  2081.3  2174.3  2778.7  3483.1  4039.0 12608.6 29313.6  30059.4    30000
read     1116.1  1277.1   160.7   251.4   284.5   508.1  1752.7  1961.9  2029.9  2124.8  2300.5  3208.2  4658.8 15182.9 30039.1  34884.8    35000
read     1004.4  1199.5   160.7   253.9   287.9   507.6   671.4  1854.3  1964.1  2056.2  2176.1  2826.3  4852.8 12528.1 29558.0  39992.9    40000
read      921.2  1150.5   160.7   264.2   301.5   531.2   656.3   787.7  1097.4  1975.7  2115.9  2375.0  4775.8 12591.9 28130.5  44896.0    45000
read     1558.5  2251.3   187.4   466.4   509.7   680.1  1048.4  1169.9  1270.4  4154.0  4712.9  5332.2  7963.7 30733.0 37645.3  44282.8    50000
read     1510.6  2210.7   173.5   446.5   484.8   667.1  1000.8  1135.5  1239.9  4095.6  4687.3  5204.0  7792.2 31227.1 38830.4  45643.0    55000
read     1565.9  2184.8   187.4   475.4   514.8   687.6  1062.5  1192.5  1301.8  4390.3  4732.5  5264.8  7909.6 30911.2 36530.1  44020.2    60000
read     1566.7  2226.3   160.7   475.0   513.5   686.2  1053.4  1184.1  1283.5  4406.6  4711.6  5272.6  7963.0 30689.6 38990.8  44186.4    65000
read     1653.2  2298.3   187.4   508.2   549.4   722.8  1135.8  1255.3  1372.9  4453.0  4748.9  5375.5  8105.4 30692.4 37338.2  42091.8    70000
read     1631.0  2259.5   202.4   498.0   540.5   719.5  1115.7  1244.7  1368.3  4454.1  4741.2  5337.6  7960.4 30982.8 37719.8  42471.2    75000
read     1539.0  2226.7   173.5   468.8   505.5   667.2  1035.3  1158.2  1257.0  4178.5  4715.6  5255.1  7967.6 30945.1 40397.4  45024.8    80000
read     1537.7  2133.4   187.4   468.4   506.4   673.3  1046.1  1169.1  1272.7  4397.9  4698.2  5187.2  7835.0 30381.9 37774.4  44722.4    85000
read     1559.9  2185.9   173.5   478.4   515.6   676.2  1064.6  1173.7  1268.3  4397.6  4725.4  5266.5  7982.4 30515.3 37287.4  44319.4    90000
read     1610.2  2289.6   187.4   493.0   531.6   692.0  1105.8  1217.6  1321.9  4418.9  4769.4  5388.5  8041.1 31202.9 39443.6  43086.4    95000
read     1618.1  2292.5   173.5   491.7   533.5   706.4  1104.9  1229.0  1351.7  4433.8  4740.9  5295.0  8036.8 31238.3 42003.1  42962.8   100000
read     1511.3  2215.1   173.5   449.8   488.6   651.6  1007.4  1125.2  1211.9  4152.6  4678.9  5199.9  7899.2 30203.0 38315.2  46002.0   105000
read     1528.5  2249.2   202.4   452.8   492.2   661.4  1020.8  1142.0  1240.4  4273.3  4693.5  5212.1  7894.6 31085.4 39068.8  45522.0   110000
Warning! Detected max cpu usage > 95%
CPU Usage Stats (avg/min/max): 89.95%,66.83%,100.00%

#type       avg     std     min      p5     p10     p50     p67     p75     p80     p85     p90     p95     p99    p999   p9999     QPS   target
read     1238.1  1316.5   160.7   249.1   283.7   530.1  1916.1  2003.2  2073.8  2170.6  2735.8  3571.4  4046.7 13372.1 29545.9  30163.6    30000
read     1110.3  1319.2   160.7   251.1   285.0   525.3  1074.7  1942.3  2009.6  2105.3  2276.2  3320.4  4654.7 11054.4 29321.4  35115.0    35000
read      985.3  1217.7   160.7   256.6   293.2   523.5   687.9  1780.9  1939.9  2024.8  2153.1  2683.1  4760.8  9464.0 29008.1  39909.0    40000
read     1547.0  2265.9   187.4   465.6   506.1   683.2  1042.5  1163.8  1265.0  4290.2  4672.7  5234.5  8323.6 31071.5 39516.4  43669.4    45000
read     1619.0  2475.4   173.5   492.7   532.7   713.5  1090.4  1217.7  1341.6  4460.7  4689.9  5227.5  8752.1 30701.1 40277.0  42404.4    50000
read     1551.6  2296.4   202.4   460.4   498.3   678.9  1042.3  1160.0  1260.0  4311.2  4710.4  5281.3  7932.7 31082.2 38397.3  44657.9    55000
read     1648.8  2539.6   202.4   497.2   538.7   721.6  1124.0  1247.1  1371.6  4437.4  4773.5  5358.4  8084.6 31524.7 37632.7  42155.7    60000
read     1575.0  2260.4   173.5   482.0   519.5   672.0  1072.9  1179.2  1276.1  4400.9  4730.4  5301.2  7987.0 31147.2 37531.5  44149.2    65000
read     1636.1  2397.5   160.7   501.3   541.1   705.5  1115.8  1237.5  1350.9  4429.3  4777.0  5429.6  8049.8 31456.0 40033.7  42649.2    70000
read     1649.5  2369.0   187.4   504.5   546.9   721.9  1126.2  1248.3  1371.5  4452.8  4757.1  5350.2  8017.3 31422.6 39434.7  42275.8    75000
read     1599.9  2302.3   218.6   488.5   526.7   687.1  1090.4  1209.8  1313.2  4419.5  4738.1  5334.5  8079.6 31187.0 38856.4  43510.8    80000
read     1596.6  2214.6   160.7   485.2   526.1   707.4  1090.2  1220.6  1347.3  4423.9  4736.2  5298.8  7953.0 30870.8 36759.4  43264.0    85000
read     1483.9  2077.6   187.4   448.8   483.8   647.8   995.5  1114.1  1214.0  4125.4  4673.4  5120.9  7860.5 30135.8 36612.0  46275.8    90000
read     1573.2  2266.9   173.5   473.2   512.5   680.7  1062.3  1174.9  1274.6  4400.1  4720.0  5271.1  7906.2 31091.1 38551.9  44291.0    95000
read     1496.6  2239.1   187.4   437.5   473.7   662.2   975.3  1102.9  1212.4  4001.6  4663.8  5191.1  7935.1 31181.2 40922.1  46355.8   100000
read     1558.5  2253.8   202.4   479.4   516.4   673.1  1061.4  1174.7  1269.7  4241.3  4723.9  5278.4  8041.3 31258.3 37926.4  44456.4   105000
read     1516.0  2192.1   187.4   452.7   489.3   657.5  1009.9  1137.1  1235.5  4101.9  4700.2  5222.6  7921.5 30585.9 39483.9  45642.2   110000
Warning! Detected max cpu usage > 95%
CPU Usage Stats (avg/min/max): 90.05%,66.83%,100.00%

#type       avg     std     min      p5     p10     p50     p67     p75     p80     p85     p90     p95     p99    p999   p9999     QPS   target
read     1218.8  1250.7   160.7   246.8   280.8   509.2  1920.1  2003.4  2071.0  2165.9  2720.4  3351.8  4023.7 12367.4 28743.4  29986.2    30000
read     1106.6  1221.4   160.7   251.0   284.9   517.4  1752.4  1942.5  2007.4  2101.2  2277.3  3211.5  4259.4 12066.2 30782.1  35016.0    35000
read     1001.4  1229.5   160.7   254.7   288.2   508.8   670.3  1808.8  1946.3  2034.4  2166.3  2885.0  4895.7 12899.7 30720.2  39951.8    40000
read     1292.0  1929.0   148.8   327.8   386.4   629.0   865.7  1063.4  1204.2  2061.3  4260.5  4879.1  7358.8 28631.1 36617.3  44977.2    45000
read     1564.5  2302.1   187.4   464.4   504.4   684.9  1040.8  1168.3  1274.8  4310.6  4708.0  5238.7  7936.1 31243.8 37655.2  44603.6    50000
read     1605.3  2357.1   173.5   482.8   522.5   687.4  1079.6  1201.9  1315.8  4346.7  4758.3  5349.1  8063.7 31357.9 37860.5  43558.2    55000
read     1573.4  2226.5   187.4   477.0   517.6   683.7  1070.5  1191.1  1282.5  4407.1  4724.7  5295.6  8026.1 30819.9 38853.0  43916.7    60000
read     1614.3  2256.3   187.4   496.9   537.0   698.0  1113.4  1229.5  1347.3  4427.0  4756.4  5316.2  8048.6 30791.4 38108.1  42981.0    65000
read     1632.3  2206.2   187.4   499.9   543.2   721.9  1128.0  1253.0  1383.5  4439.0  4798.1  5308.2  7897.4 30361.9 37452.4  42331.8    70000
read     1618.2  2244.1   202.4   491.2   533.5   718.7  1105.6  1226.4  1351.1  4450.2  4742.6  5328.1  7861.7 31099.4 37259.0  42725.4    75000
read     1585.1  2306.4   160.7   478.1   517.9   683.9  1067.3  1185.8  1291.7  4409.1  4735.4  5294.2  8003.6 31443.1 39125.9  44048.0    80000
read     1527.3  2245.5   187.4   442.8   481.3   682.8  1004.0  1125.6  1234.1  4119.7  4707.6  5265.8  7968.8 30945.1 39082.5  45467.8    85000
read     1575.9  2266.0   187.4   472.6   513.7   691.4  1058.4  1195.0  1299.3  4409.1  4708.7  5290.8  7928.7 31247.9 39692.3  43912.4    90000
read     1552.4  2238.6   187.4   477.2   514.1   663.8  1054.9  1162.0  1257.3  4408.6  4707.0  5276.7  7941.2 31088.9 37532.4  44681.2    95000
read     1569.9  2268.7   187.4   467.6   508.8   682.9  1048.8  1165.1  1268.5  4316.0  4737.8  5306.3  8013.4 31032.6 39988.1  44365.8   100000
read     1597.9  2296.9   187.4   483.0   521.4   688.1  1078.0  1194.9  1306.3  4415.7  4734.2  5322.0  7972.7 31188.3 37827.1  43729.6   105000
read     1566.8  2360.9   202.4   476.8   513.8   672.5  1055.3  1167.7  1266.4  4402.6  4713.9  5268.5  8001.1 31077.5 61575.7  44574.2   110000
Warning! Detected max cpu usage > 95%
CPU Usage Stats (avg/min/max): 89.76%,64.00%,100.00%