#type       avg     std     min      p5     p10     p50     p67     p75     p80     p85     p90     p95     p99    p999   p9999     QPS   target
read      462.1   300.1   148.8   210.2   231.3   426.8   520.1   576.2   617.6   665.7   723.8   800.2   980.1  3419.1 11964.5  29886.4    30000
read      454.3   377.7   148.8   206.8   226.7   411.3   505.0   561.7   605.9   656.2   717.5   797.5   972.4  3938.8 15803.0  34978.4    35000
read      462.7   276.5   160.7   211.1   232.3   432.6   521.9   575.6   617.3   667.3   727.6   807.6   977.7  1815.9 10040.8  39910.8    40000
read      458.0   523.1   148.8   209.9   230.4   421.3   513.6   568.9   611.5   663.0   727.3   813.5   977.6  2031.9 12090.2  44903.8    45000
read      441.4   277.9   148.8   205.6   223.7   408.3   498.5   549.8   590.1   639.0   700.7   786.9   938.7  1825.2 12048.9  49747.6    50000
read      434.6   264.9   148.8   204.6   222.1   398.3   489.7   541.8   582.1   630.6   691.8   782.8   946.4  1667.1 11140.4  55090.4    55000
read      450.8   270.7   148.8   209.4   228.8   418.3   513.8   565.6   603.2   648.4   709.8   800.9   973.9  1818.5 10648.8  60278.4    60000
read      458.0   280.4   148.8   212.7   232.9   420.5   517.2   570.7   610.0   658.2   723.1   821.9  1013.1  2153.4 10068.8  64910.0    65000
read      419.3   245.6   148.8   205.5   223.0   379.3   470.1   522.9   560.8   605.4   663.7   747.6   906.0  1575.1  8480.0  69719.0    70000
read      431.3   223.3   160.7   212.0   231.3   395.0   483.3   533.6   571.2   616.9   676.7   766.2   935.4  1397.0  8311.0  75138.6    75000
read      435.4   254.3   148.8   216.2   236.8   400.2   485.0   534.0   570.7   615.5   674.0   760.3   929.0  1282.4  9933.9  80082.8    80000
read      773.5   406.3   173.5   475.9   514.3   650.8   766.2  1005.2  1084.5  1143.3  1200.9  1272.1  1394.0  3831.7 14700.3  82458.0    85000
read      786.1   397.9   160.7   489.6   527.9   658.7   772.4  1037.8  1115.3  1168.3  1223.1  1279.2  1385.1  3316.2 15581.6  82569.6    90000
read      768.5   368.5   160.7   480.6   514.3   640.3   756.4  1021.1  1087.1  1140.5  1191.5  1259.5  1370.7  2842.7 13439.4  84824.6    95000
read      775.6   427.3   160.7   495.7   524.6   637.6   746.0  1039.7  1101.9  1145.1  1188.4  1254.0  1364.1  4095.9 16799.2  84685.2   100000
read      756.6   392.9   160.7   477.0   510.9   630.3   734.1  1008.0  1073.2  1126.4  1173.6  1242.5  1356.3  2992.7 16693.2  86400.4   105000
read      815.7   459.2   160.7   519.3   554.2   682.9   772.9  1061.3  1147.2  1210.7  1266.9  1345.3  1476.5  4289.4 20072.8  80588.2   110000
Warning! Detected max cpu usage > 95%
CPU Usage Stats (avg/min/max): 89.95%,66.33%,100.00%

#type       avg     std     min      p5     p10     p50     p67     p75     p80     p85     p90     p95     p99    p999   p9999     QPS   target
read      471.4   369.9   160.7   213.1   235.0   436.2   527.5   583.2   625.1   673.9   732.2   810.4   986.2  3968.8 15542.2  30040.1    30000
read      456.0   315.1   160.7   209.9   230.8   420.8   510.6   564.9   607.2   656.0   715.0   793.8   941.8  3501.8 15679.8  34858.8    35000
read      439.9   306.9   148.8   205.7   224.2   399.3   490.4   545.8   588.6   638.6   701.9   784.8   935.6  2648.3 11442.0  39837.6    40000
read      444.5   300.9   148.8   205.9   224.8   405.1   495.6   550.7   592.7   643.2   709.1   795.2   958.0  2645.3 10783.7  44941.6    45000
read      451.1   278.0   148.8   206.9   226.0   417.9   510.9   564.4   604.6   654.8   719.6   806.0   968.4  1697.3  8792.3  49988.8    50000
read      436.7   281.3   148.8   204.6   222.3   398.8   492.8   545.6   586.3   636.3   699.9   792.8   983.4  1578.7  8075.4  54751.0    55000
read      440.1   255.3   148.8   208.1   226.6   404.1   499.2   551.1   590.7   636.4   696.8   791.9   963.2  1341.7  9475.3  60155.6    60000
read      441.3   233.1   148.8   209.3   228.6   405.9   499.8   550.9   589.0   635.7   695.8   788.8   979.6  1560.8  7873.0  65007.6    65000
read      457.2   274.9   160.7   208.9   228.6   409.5   507.4   566.5   610.9   662.3   726.1   824.7  1326.6  1734.6 10184.6  69801.0    70000
read      418.5   237.4   148.8   207.7   225.7   379.2   466.8   516.8   553.9   599.6   658.1   742.9   909.5  1922.4  9068.6  74833.6    75000
read      438.6   230.8   148.8   218.4   239.5   405.1   491.3   540.2   576.9   620.5   676.0   759.5   926.2  1358.6  8137.8  80081.8    80000
read      498.1   307.3   148.8   225.6   252.7   458.0   547.4   594.9   632.6   686.1   783.7   983.2  1182.6  1488.4 11986.2  85093.4    85000
read      790.5   400.3   173.5   503.3   534.0   661.9   748.4  1039.0  1118.6  1174.2  1230.9  1293.1  1418.8  3937.2 15049.0  82460.2    90000
read      766.2   382.6   173.5   470.5   505.2   642.2   783.5   997.3  1070.6  1131.7  1187.7  1258.5  1374.0  3916.3 13789.8  85083.5    95000
read      785.6   418.4   160.7   496.2   528.7   654.7   754.7  1042.8  1113.2  1163.6  1218.0  1276.4  1385.1  3928.5 18031.1  83545.6   100000
read      786.1   393.3   160.7   506.4   534.9   656.0   743.6  1038.4  1115.7  1168.4  1223.4  1279.7  1385.7  4102.9 13389.5  83415.4   105000
read      750.5   418.9   148.8   465.2   497.4   626.1   744.0   984.8  1054.6  1111.9  1161.9  1229.6  1346.6  3784.9 17743.9  87306.3   110000
Warning! Detected max cpu usage > 95%
CPU Usage Stats (avg/min/max): 90.19%,54.00%,100.00%

#type       avg     std     min      p5     p10     p50     p67     p75     p80     p85     p90     p95     p99    p999   p9999     QPS   target
read      448.8   342.5   148.8   207.6   228.5   411.0   502.0   557.3   598.0   646.0   701.7   775.4   926.6  2736.5 13099.3  29869.6    30000
read      452.2   286.7   160.7   208.0   228.5   420.3   507.1   561.2   602.6   652.2   710.5   786.9   931.5  3297.9  8305.9  34975.6    35000
read      450.8   292.3   148.8   207.3   227.5   417.2   504.7   558.3   599.7   649.2   710.3   793.2   944.9  3035.7 10813.8  39794.8    40000
read      446.1   276.4   148.8   207.2   225.9   413.1   501.6   553.6   594.3   644.5   705.2   788.1   939.8  1877.1 11113.8  44901.0    45000
read      438.0   262.0   148.8   205.0   223.1   404.3   494.5   545.4   585.0   635.2   698.9   787.5   954.0  1816.2  8103.9  49991.0    50000
read      431.2   277.0   148.8   204.1   221.2   394.2   483.5   535.7   575.9   626.0   688.7   778.7   940.6  1608.4  9054.3  54996.0    55000
read      432.8   255.4   148.8   205.9   223.6   397.0   490.1   541.8   579.9   625.9   685.8   778.9   933.2  2074.7  7819.3  60040.2    60000
read      419.5   225.0   148.8   203.8   220.8   380.0   472.0   525.7   564.6   610.6   668.5   755.3   930.3  1634.2  6927.0  65184.6    65000
read      432.7   552.9   148.8   208.6   227.4   392.3   483.6   536.8   575.9   622.1   681.3   773.9   940.0  1752.9  9908.0  69810.5    70000
read      431.2   250.9   148.8   210.8   230.2   396.2   484.5   533.5   570.3   615.3   673.8   761.2   925.2  1481.6  9719.1  74872.5    75000
read      440.0   307.8   148.8   216.3   237.1   398.8   484.4   534.9   573.9   621.3   682.4   779.3   969.3  2013.3 13749.6  79930.8    80000
read      771.3   425.2   160.7   478.1   514.4   642.8   768.4  1008.3  1079.4  1135.9  1187.8  1260.7  1381.2  4405.4 16846.9  82708.0    85000
read      772.0   398.8   160.7   487.2   520.0   639.0   747.0  1030.4  1097.2  1143.6  1189.2  1255.6  1367.6  4067.1 14589.8  83962.1    90000
read      776.8   420.4   160.7   477.2   511.8   651.7   798.8  1013.7  1078.7  1138.1  1197.2  1271.0  1387.2  3977.5 15835.1  84441.0    95000
read      754.7   434.2   173.5   478.2   512.7   628.0   722.9  1004.4  1073.3  1125.6  1171.0  1237.0  1348.8  3343.6 19312.4  86707.6   100000
read      753.9   375.0   148.8   475.3   508.5   624.4   757.0  1018.1  1067.8  1115.7  1160.8  1223.8  1342.0  3264.1 13823.1  86681.8   105000
read      743.4   507.1   160.7   459.3   491.1   621.5   739.4   971.7  1041.9  1099.6  1153.2  1221.7  1342.7  3895.5 16338.2  88222.9   110000
Warning! Detected max cpu usage > 95%
CPU Usage Stats (avg/min/max): 88.89%,44.95%,100.00%