#type       avg     std     min      p5     p10     p50     p67     p75     p80     p85     p90     p95     p99    p999   p9999     QPS   target
read     1237.0  1354.7   160.7   250.3   284.4   530.1  1864.9  1965.5  2024.9  2148.0  2782.1  3479.2  4035.9 15165.1 31629.1  30119.0    30000
read     1107.4  1304.9   160.7   252.6   288.2   525.5  1720.0  1895.0  1967.1  2042.3  2225.6  3070.8  4814.8 15078.9 33535.1  34892.0    35000
read     1014.5  1272.9   160.7   251.9   285.2   506.4   687.2  1803.0  1915.2  2003.9  2146.0  2914.3  4926.1 13708.7 31943.4  39911.8    40000
read     1260.9  1879.1   160.7   314.5   376.9   625.8   857.5  1097.7  1252.3  2026.3  4103.7  4757.9  6500.4 28068.8 37674.3  44288.8    45000
read     1578.4  2271.1   173.5   480.2   518.9   678.6  1077.3  1185.4  1283.4  4422.7  4709.7  5239.8  7899.2 31302.8 38612.5  43989.3    50000
read     1550.5  2284.2   187.4   458.9   502.0   671.5  1041.4  1165.3  1263.9  4346.6  4709.0  5276.5  7992.6 31268.4 42285.4  44762.8    55000
read     1563.3  2260.1   173.5   474.4   513.8   670.7  1060.4  1174.3  1270.5  4408.7  4708.8  5249.9  7992.3 30895.0 39284.5  44449.8    60000
read     1543.6  2154.1   187.4   460.2   503.4   679.1  1046.7  1174.2  1276.8  4407.2  4709.7  5216.9  7763.3 30723.3 38172.4  44599.2    65000
read     1474.7  2058.3   173.5   445.0   482.8   644.2   991.5  1111.9  1195.4  4129.4  4658.5  5128.8  7779.6 30149.1 35035.7  46417.2    70000
read     1514.9  2151.9   187.4   454.1   492.0   663.5  1019.7  1145.9  1248.3  4199.2  4695.7  5190.8  7772.8 30830.5 37090.9  45447.2    75000
read     1580.8  2341.1   187.4   477.3   514.9   679.3  1062.7  1181.2  1280.2  4400.4  4723.1  5290.4  7992.3 31542.2 40476.2  44240.2    80000
read     1490.3  2081.4   173.5   443.2   482.4   661.1   995.3  1125.9  1228.4  4170.7  4675.4  5127.9  7748.9 30413.7 36587.5  45918.5    85000
read     1568.7  2224.1   187.4   475.0   514.7   684.7  1062.8  1181.8  1280.4  4413.6  4717.2  5262.4  7864.5 30906.6 37688.7  44229.1    90000
read     1636.6  2315.9   202.4   498.5   537.6   710.8  1119.9  1241.0  1362.6  4447.5  4763.4  5381.6  7975.6 31274.0 39573.7  42576.4    95000
read     1609.6  2251.6   187.4   491.8   532.1   699.6  1103.7  1223.2  1341.1  4443.6  4738.5  5312.6  7933.9 31110.8 37784.8  43005.2   100000
read     1541.4  2259.9   187.4   458.1   496.8   673.0  1028.8  1150.1  1252.4  4231.1  4708.1  5260.6  7997.0 31270.7 44776.8  45017.2   105000
read     1590.7  2280.8   202.4   473.7   515.7   702.9  1067.0  1196.8  1314.1  4405.7  4731.6  5311.2  7992.0 31284.7 39572.0  43674.8   110000
Warning! Detected max cpu usage > 95%
CPU Usage Stats (avg/min/max): 89.95%,59.80%,100.00%

#type       avg     std     min      p5     p10     p50     p67     p75     p80     p85     p90     p95     p99    p999   p9999     QPS   target
read     1230.6  1349.5   148.8   253.6   289.1   540.3  1867.4  1965.7  2023.1  2135.5  2670.3  3411.7  4056.2 15527.5 32552.3  29913.6    30000
read     1137.0  1396.5   160.7   251.8   286.6   511.6  1762.3  1930.1  2001.9  2105.7  2369.3  3379.4  4869.7 16066.9 32194.4  34976.0    35000
read     1030.5  1439.6   160.7   261.9   297.2   536.2   701.2  1753.0  1900.0  1996.7  2136.7  3210.5  5094.7 20453.7 36401.0  39872.0    40000
read      949.0  1235.0   160.7   270.8   309.2   539.8   670.4   809.2  1747.4  1963.6  2116.3  2642.9  4957.3 12824.4 31698.9  44830.6    45000
read     1528.6  2164.0   173.5   459.6   499.8   674.5  1034.8  1153.8  1254.7  4211.2  4701.7  5216.9  7919.3 30861.6 38197.1  44906.2    50000
read     1615.3  2307.7   187.4   487.6   527.1   710.1  1095.2  1220.5  1343.6  4412.7  4763.6  5352.4  8049.4 31338.2 39694.9  43027.2    55000
read     1519.9  2170.6   160.7   457.4   498.8   658.4  1028.4  1148.2  1246.7  4177.4  4687.7  5215.8  7913.8 30673.6 36656.8  45317.8    60000
read     1586.0  2255.4   173.5   486.9   524.7   686.3  1088.8  1198.6  1304.4  4414.9  4727.7  5304.6  7910.2 31353.0 41017.1  43635.4    65000
read     1596.5  2268.4   187.4   482.2   522.7   694.3  1088.3  1200.1  1305.5  4428.6  4741.4  5286.0  7979.4 31231.9 37342.5  43440.0    70000
read     1601.5  2352.1   187.4   487.5   524.9   684.9  1088.2  1192.7  1282.5  4393.7  4747.5  5396.1  8062.4 31475.9 41028.2  43547.6    75000
read     1687.1  2418.8   202.4   510.5   553.6   737.1  1137.8  1265.7  1392.3  4467.6  4814.1  5461.9  8139.1 31570.4 38551.6  41567.0    80000
read     1537.1  2156.2   173.5   473.7   511.5   665.1  1050.8  1162.5  1261.2  4331.4  4706.6  5206.1  7895.6 30508.2 37202.3  44879.8    85000
read     1529.8  2223.3   187.4   466.3   501.9   658.1  1030.8  1137.4  1226.1  4252.5  4696.2  5264.2  7960.5 31145.9 38944.8  45347.4    90000
read     1561.2  2233.2   173.5   482.3   518.8   666.3  1060.6  1169.6  1265.1  4415.2  4708.2  5273.0  8030.0 30453.8 37203.7  44506.2    95000
read     1494.5  2173.9   173.5   439.7   475.4   657.4   978.6  1110.9  1213.5  4137.4  4673.9  5183.4  7791.3 30493.1 37222.6  46381.4   100000
read     1579.0  2221.6   202.4   481.6   520.4   686.0  1082.0  1189.3  1283.1  4405.3  4725.6  5279.2  7954.3 30957.2 37461.9  43790.8   105000
read     1581.2  2291.7   187.4   474.3   513.2   686.1  1066.4  1180.4  1279.4  4406.7  4724.1  5287.2  7990.2 31134.1 42134.9  44058.6   110000
Warning! Detected max cpu usage > 95%
CPU Usage Stats (avg/min/max): 90.00%,53.03%,100.00%

#type       avg     std     min      p5     p10     p50     p67     p75     p80     p85     p90     p95     p99    p999   p9999     QPS   target
read     1225.9  1336.9   160.7   252.6   287.2   539.0  1869.7  1968.9  2027.0  2139.3  2665.3  3431.1  4058.1 15450.0 31595.1  29883.2    30000
read     1104.0  1296.0   160.7   252.6   287.3   524.9  1066.9  1914.3  1984.0  2069.7  2226.2  3098.5  4776.8 15609.1 32665.9  35020.2    35000
read     1021.7  1338.4   160.7   255.9   290.3   511.7   692.3  1807.8  1930.4  2016.5  2155.1  2852.4  5003.3 15955.6 32806.9  39827.2    40000
read     1416.2  2133.6   160.7   378.0   443.4   663.6   956.1  1123.6  1248.3  2227.0  4530.8  5141.8  7784.9 30700.8 39096.2  44063.2    45000
read     1511.6  2196.4   173.5   463.9   500.1   648.7  1026.2  1129.9  1217.3  4089.1  4679.7  5239.1  7923.4 31041.2 37561.5  45469.8    50000
read     1615.9  2326.1   202.4   496.3   535.0   690.8  1102.6  1220.7  1332.0  4417.9  4751.9  5359.8  8061.0 31238.0 37572.6  43198.4    55000
read     1554.0  2207.4   187.4   465.6   506.6   680.9  1046.6  1169.7  1274.5  4350.3  4709.5  5264.0  7959.7 31043.0 36828.8  44493.0    60000
read     1614.0  2286.6   202.4   499.2   536.3   692.4  1110.6  1221.7  1334.4  4417.7  4751.5  5330.8  8072.1 31261.3 37536.3  43106.0    65000
read     1582.3  2218.4   187.4   482.1   520.5   685.3  1083.5  1196.4  1303.4  4410.5  4727.6  5293.7  7981.5 30837.5 37369.1  43705.2    70000
read     1634.9  2277.1   202.4   501.3   545.0   718.2  1121.8  1250.3  1370.9  4451.5  4743.3  5342.3  7968.0 31238.6 39702.4  42360.8    75000
read     1585.0  2234.7   202.4   484.8   523.3   683.5  1083.6  1197.0  1304.1  4419.0  4725.9  5267.3  7973.8 30799.7 37012.3  43755.8    80000
read     1541.4  2134.1   187.4   476.8   514.3   666.7  1059.4  1168.8  1269.2  4417.8  4701.1  5182.9  7791.7 30738.3 36337.3  44692.2    85000
read     1525.0  2206.2   173.5   459.6   498.5   662.9  1029.8  1147.5  1245.6  4219.0  4692.2  5199.2  7918.0 31102.2 38632.0  45288.6    90000
read     1598.8  2369.5   187.4   483.3   521.0   686.2  1071.8  1193.7  1290.2  4402.2  4739.4  5380.2  8032.8 31460.8 37499.8  43803.0    95000
read     1623.7  2348.2   187.4   500.0   537.8   694.0  1117.8  1232.5  1345.1  4425.8  4744.2  5335.3  8019.8 31489.1 37530.8  42964.7   100000
read     1549.7  2224.5   187.4   479.2   516.3   662.6  1054.7  1163.0  1258.7  4407.7  4696.8  5237.2  7916.7 31085.8 38071.9  44837.6   105000
read     1616.0  2214.2   173.5   494.8   536.1   703.5  1120.7  1234.9  1357.2  4450.9  4740.9  5299.9  7940.0 30445.5 37818.6  42763.8   110000
Warning! Detected max cpu usage > 95%
CPU Usage Stats (avg/min/max): 90.00%,51.00%,100.00%