#type       avg     std     min      p5     p10     p50     p67     p75     p80     p85     p90     p95     p99    p999   p9999     QPS   target
read      474.8   372.0   160.7   212.0   234.4   441.6   532.1   585.9   626.2   674.0   731.2   812.3   987.4  3871.0 12751.4  30125.6    30000
read      452.3   304.7   148.8   208.9   229.1   417.5   507.2   562.5   604.4   653.5   713.8   791.1   936.8  2814.2 11740.8  34899.4    35000
read      458.5   288.9   148.8   209.5   230.6   425.0   514.6   568.6   610.4   660.0   721.3   801.8   973.9  2709.7 11522.6  39912.5    40000
read      455.6   297.0   160.7   207.6   227.6   422.7   513.9   566.8   606.8   655.4   717.9   799.8   967.0  3115.1 11994.9  44952.0    45000
read      451.0   680.4   148.8   205.2   223.4   417.1   509.2   559.0   596.5   643.0   706.2   791.7   948.1  3805.0 13860.9  50170.6    50000
read      443.2   280.6   148.8   205.6   223.8   410.2   502.5   552.1   591.4   639.6   702.4   793.1   963.0  2015.7  9577.9  54889.4    55000
read      434.9   257.2   148.8   206.4   224.4   399.3   494.2   544.9   583.2   628.2   687.2   773.6   933.0  1745.9  9720.6  60020.6    60000
read      429.6   280.2   148.8   206.0   223.4   384.8   476.6   532.7   574.4   624.1   688.3   785.1   974.1  2242.9 11991.1  64929.0    65000
read      434.4   258.7   148.8   210.4   230.1   400.9   491.6   541.2   577.6   620.7   676.3   758.7   916.9  1406.9 10179.7  70123.2    70000
read      440.3   263.3   160.7   213.0   233.2   406.0   495.4   544.7   581.9   625.8   683.5   772.3   940.7  1588.7 10211.1  74881.6    75000
read      422.7   245.3   148.8   210.4   229.7   386.2   470.1   518.9   556.2   602.2   659.6   742.7   903.2  1363.8 10307.8  79861.8    80000
read      444.7   257.1   148.8   222.3   245.3   406.9   489.8   538.6   576.7   624.2   686.1   777.2   952.5  1816.3  9673.4  84894.2    85000
read      754.8   414.7   160.7   430.7   491.8   641.2   734.4   951.7  1070.9  1137.9  1194.8  1262.3  1374.7  4054.5 16525.3  84121.4    90000
read      743.5   400.5   160.7   448.5   485.4   627.0   768.0   957.4  1034.5  1098.4  1155.3  1226.2  1343.8  3382.0 17280.5  87133.7    95000
read      743.0   436.8   173.5   454.7   486.9   623.9   762.8   964.6  1031.7  1088.7  1148.1  1222.1  1349.3  3190.5 19162.8  88096.8   100000
read      776.0   392.0   160.7   487.5   520.2   644.7   771.2  1034.0  1100.0  1147.8  1197.9  1262.5  1374.1  3117.6 15303.2  84488.6   105000
read      773.7   404.0   173.5   487.7   520.3   644.0   745.0  1025.1  1099.3  1149.7  1202.9  1266.6  1378.3  3155.8 15935.0  84675.8   110000
Warning! Detected max cpu usage > 95%
CPU Usage Stats (avg/min/max): 89.89%,58.50%,100.00%

#type       avg     std     min      p5     p10     p50     p67     p75     p80     p85     p90     p95     p99    p999   p9999     QPS   target
read      465.3   248.6   160.7   212.0   234.0   435.9   527.4   581.9   623.4   671.3   726.6   799.2   945.8  2684.4  8095.6  30022.2    30000
read      467.3   331.6   160.7   212.0   234.0   436.8   527.5   581.8   623.1   672.5   731.0   809.2   959.0  1984.1 12074.0  35039.0    35000
read      454.7   317.8   148.8   207.3   227.3   422.2   511.7   565.8   606.5   654.7   713.9   793.3   950.8  3444.8 15060.8  40022.4    40000
read      453.1   275.3   148.8   207.1   226.6   417.6   511.0   568.5   611.4   662.5   724.7   807.9   979.0  1884.6 11272.1  44856.7    45000
read      445.8   273.0   148.8   206.5   225.0   411.4   502.5   553.9   595.4   645.2   711.7   799.0   977.3  1792.1 12109.2  50036.8    50000
read      454.0   276.3   148.8   207.5   225.9   420.6   516.6   570.0   610.0   659.2   724.5   819.7  1003.8  1698.4 11740.4  54961.6    55000
read      440.0   300.9   148.8   205.8   223.7   399.4   495.1   548.7   589.9   638.6   703.2   797.0   993.2  1804.3 10536.7  59924.6    60000
read      438.9   246.9   160.7   208.2   226.5   400.6   495.2   547.9   587.9   634.9   697.4   794.3   989.4  1596.0  8524.5  64897.3    65000
read      451.2   310.7   148.8   214.5   234.4   414.7   506.7   557.5   594.8   641.9   704.9   799.5   993.7  2025.8 12692.4  70203.8    70000
read      437.7   258.4   148.8   212.3   231.9   399.3   489.8   540.9   579.8   626.2   686.2   778.6   971.2  1447.0  8966.4  74994.4    75000
read      435.2   312.0   148.8   214.7   235.4   397.5   484.3   534.9   572.2   617.1   675.4   761.5   928.4  1431.1 11299.1  79920.4    80000
read      768.6   415.4   160.7   485.1   517.6   637.2   748.1  1025.3  1084.9  1135.5  1182.9  1252.4  1367.1  3820.6 17009.0  82918.8    85000
read      804.0   407.9   173.5   518.3   551.7   669.9   756.8  1071.6  1144.2  1200.0  1249.1  1314.0  1433.5  3676.9 15719.3  81199.6    90000
read      774.5   424.4   173.5   481.0   515.8   643.5   761.1  1018.4  1089.0  1144.8  1199.9  1264.8  1378.9  4411.2 17421.1  84548.0    95000
read      792.2   425.4   160.7   515.7   546.1   658.5   738.6  1060.1  1132.2  1182.4  1233.2  1284.8  1384.6  3777.8 16810.0  82729.8   100000
read      782.7   414.2   160.7   497.3   528.2   651.9   740.9  1036.5  1110.9  1165.2  1220.7  1277.2  1383.0  3943.8 16019.0  83836.0   105000
read      741.6   393.6   173.5   463.0   496.0   616.9   745.3   989.7  1051.1  1099.0  1145.8  1198.4  1310.3  3036.3 15490.4  88235.4   110000
Warning! Detected max cpu usage > 95%
CPU Usage Stats (avg/min/max): 89.68%,60.61%,100.00%

#type       avg     std     min      p5     p10     p50     p67     p75     p80     p85     p90     p95     p99    p999   p9999     QPS   target
read      451.8   318.3   160.7   207.3   227.8   419.3   510.5   565.4   605.1   649.6   702.9   775.5   921.2  2294.6 15269.8  29922.2    30000
read      446.7   319.3   160.7   206.1   225.2   408.6   501.6   557.6   600.5   647.8   707.8   785.2   932.7  3560.6 12557.2  34998.8    35000
read      473.7   319.8   160.7   211.6   233.4   444.7   535.9   589.1   630.8   680.1   739.2   821.5   996.7  3319.8 12466.0  39986.7    40000
read      457.2   265.7   148.8   208.2   228.0   425.6   518.9   573.1   614.1   663.1   723.8   803.7   963.6  2264.0  9579.1  45070.2    45000
read      448.7   332.6   148.8   206.3   224.6   416.0   505.8   557.5   596.7   644.6   707.5   792.4   955.8  3599.4 12663.5  50110.2    50000
read      440.4   248.1   148.8   205.5   223.3   406.0   501.3   554.1   594.0   640.8   702.9   790.0   953.4  1796.5  8652.4  54847.2    55000
read      434.7   273.3   148.8   204.8   222.1   393.4   489.3   544.8   585.8   634.2   695.6   788.6   967.6  2109.3 12048.4  60265.4    60000
read      431.9   263.5   148.8   206.7   224.4   390.7   483.0   537.3   578.1   626.5   687.8   781.9   965.8  1818.3  8469.2  64877.4    65000
read      441.7   303.1   148.8   211.4   230.7   404.0   495.3   545.5   583.7   629.4   688.2   780.8   960.5  2523.6 12672.7  70065.0    70000
read      411.2   232.3   148.8   205.5   222.8   371.9   458.5   509.5   547.9   592.5   647.7   734.4   892.0  1319.9  8283.3  74899.8    75000
read      447.3   279.4   148.8   219.0   240.5   409.8   496.5   547.0   585.1   631.4   691.3   785.0   973.9  2023.7 11878.2  80009.4    80000
read      577.2   317.3   160.7   277.1   321.8   525.1   623.1   695.3   756.8   829.4   912.7  1017.4  1181.1  2090.1 12508.9  84760.2    85000
read      744.7   521.2   160.7   441.7   478.1   633.1   783.3   945.8  1018.0  1083.4  1151.6  1233.8  1363.3  3553.7 18242.6  86182.6    90000
read      741.8   468.2   160.7   443.5   479.3   625.3   774.1   947.0  1021.0  1084.3  1146.0  1219.9  1350.1  4165.9 20708.7  87662.8    95000
read      779.4   400.0   160.7   506.8   533.7   645.2   734.7  1041.4  1114.5  1160.2  1210.6  1268.6  1374.9  3842.6 15524.0  84097.2   100000
read      780.7   403.0   160.7   502.7   533.7   649.5   733.9  1035.2  1114.4  1162.8  1215.7  1273.7  1382.9  4596.3 14609.6  84161.4   105000
read      775.0   382.9   160.7   502.3   529.0   639.7   734.6  1042.7  1108.6  1152.3  1198.9  1260.1  1369.6  3556.0 14324.8  84571.5   110000
Warning! Detected max cpu usage > 95%
CPU Usage Stats (avg/min/max): 89.90%,69.00%,100.00%