#type       avg     std     min      p5     p10     p50     p67     p75     p80     p85     p90     p95     p99    p999   p9999     QPS   target
read      513.3   705.5   160.7   213.6   233.4   460.1   556.8   615.9   658.8   706.6   762.8   848.6  1097.0  8088.8 32180.0  30001.6    30000
read      502.0   526.0   160.7   214.7   233.8   457.0   552.0   607.6   649.5   702.6   765.1   859.2  1144.4  6273.2 26461.0  34890.8    35000
read      498.3   603.3   148.8   211.5   229.7   440.9   538.9   595.5   640.2   695.1   765.1   862.9  1153.6  7225.9 30817.6  40251.8    40000
read      500.2   607.0   148.8   212.0   230.3   440.1   536.7   592.3   636.5   692.3   762.2   865.2  1273.6  7567.4 30516.6  44999.9    45000
read      489.6   509.1   148.8   212.6   231.4   442.0   541.5   596.5   638.9   692.0   760.3   862.3  1138.6  6624.2 20419.3  49813.4    50000
read      473.6   515.2   148.8   210.1   228.2   414.0   516.2   574.5   618.6   673.1   743.9   855.3  1131.6  6145.1 30500.7  54955.6    55000
read      489.5   496.1   160.7   213.4   233.1   431.4   532.5   589.4   632.5   687.2   762.9   878.5  1179.0  6480.7 18987.3  59961.4    60000
read      471.7   396.7   148.8   212.7   232.5   427.2   525.3   579.2   618.8   668.1   735.3   844.7  1083.4  4644.7 12427.5  65145.2    65000
read      478.0   473.7   160.7   214.0   235.1   424.6   521.2   574.6   614.8   665.7   736.6   854.9  1138.1  6347.4 19436.9  70184.6    70000
read      469.6   418.3   160.7   211.9   232.7   411.9   506.2   561.6   604.2   657.8   730.4   842.4  1119.8  5773.3 11696.9  74960.0    75000
read      486.7   435.1   148.8   219.1   242.6   431.4   524.7   578.7   621.4   678.9   760.0   892.0  1169.0  5082.7 15067.3  79988.8    80000
read      782.9   574.9   160.7   471.1   502.5   634.6   798.2  1010.7  1068.5  1122.4  1175.2  1255.6  1484.2  7879.5 23772.8  82452.2    85000
read      749.8   503.1   160.7   439.8   473.2   620.6   834.3   961.7  1014.3  1065.0  1123.1  1207.7  1382.8  7345.8 15694.1  85735.8    90000
read      725.7   625.1   173.5   425.0   455.8   592.4   821.5   930.9   980.5  1028.6  1079.4  1153.8  1335.2  8164.0 24591.1  89135.4    95000
read      749.7   539.3   160.7   461.4   488.9   609.2   762.7   988.0  1042.1  1085.2  1136.3  1196.3  1362.5  6666.3 20908.5  87469.4   100000
read      774.5   446.1   160.7   485.1   515.8   635.3   748.3  1037.3  1091.8  1138.2  1183.1  1254.9  1384.6  6106.9 16130.7  84860.6   105000
read      745.7   531.3   173.5   456.3   483.7   600.3   819.6   980.5  1030.7  1071.6  1119.2  1182.8  1367.8  6788.8 22098.1  88364.7   110000
Warning! Detected max cpu usage > 95%
CPU Usage Stats (avg/min/max): 89.86%,61.93%,100.00%

#type       avg     std     min      p5     p10     p50     p67     p75     p80     p85     p90     p95     p99    p999   p9999     QPS   target
read      494.8   376.6   160.7   214.4   234.4   455.1   549.6   607.0   648.6   698.2   754.9   840.4  1094.7  5623.4 12621.5  29997.2    30000
read      492.3   400.2   160.7   212.8   232.0   457.4   550.5   606.1   646.9   696.6   756.4   842.5  1085.4  5035.2 14081.2  35289.4    35000
read      500.8   604.9   160.7   211.4   230.0   445.6   543.2   598.0   641.0   694.8   762.1   859.7  1211.9  7911.3 28517.9  40047.2    40000
read      489.2   495.4   160.7   212.3   230.9   437.3   536.2   592.4   635.6   690.4   760.5   865.1  1151.9  6272.4 16908.9  45056.0    45000
read      486.8   526.4   160.7   212.7   231.1   435.9   536.5   592.0   633.9   686.4   755.2   857.4  1127.6  6128.1 28694.5  50009.8    50000
read      493.5   544.6   148.8   211.1   229.4   423.8   528.1   589.2   632.9   688.0   765.8   888.7  1309.7  7574.7 25079.4  54958.8    55000
read      499.4   503.9   148.8   215.0   235.5   442.5   545.0   600.2   640.7   692.9   765.8   885.3  1271.9  6512.2 22751.8  59911.8    60000
read      485.6   460.9   148.8   214.7   236.1   441.5   539.5   591.5   631.2   680.0   743.8   850.0  1096.2  6605.1 15992.0  64925.5    65000
read      478.2   456.6   148.8   214.1   235.0   426.6   521.6   576.3   618.0   670.4   739.8   853.2  1110.8  5999.6 16225.5  69927.8    70000
read      471.4   385.0   148.8   216.6   237.8   422.9   514.3   568.1   609.7   661.9   730.9   842.9  1098.8  4603.7 15634.7  74981.6    75000
read      479.4   386.3   160.7   218.8   243.2   430.0   520.9   575.6   618.6   672.9   744.3   862.1  1140.6  4960.7 12581.6  79974.4    80000
read      790.3   552.8   160.7   476.9   511.9   645.2   794.0  1024.1  1087.4  1142.8  1199.2  1274.5  1472.1  7726.2 20149.7  81647.6    85000
read      718.3   515.5   160.7   406.9   441.9   606.6   798.9   900.8   956.8  1011.5  1076.6  1162.1  1352.9  6370.3 16986.3  88097.8    90000
read      776.9   551.3   160.7   472.9   501.7   630.5   791.0  1005.0  1063.9  1118.2  1171.7  1248.8  1441.8  7841.5 18967.0  84255.4    95000
read      724.3   401.9   160.7   440.9   472.0   593.7   823.6   958.0  1005.7  1051.3  1096.1  1165.8  1308.4  4663.1 15059.9  90129.4   100000
read      736.7   483.4   160.7   452.1   481.7   599.5   774.6   975.5  1027.8  1068.8  1115.5  1181.9  1350.2  5790.8 19812.4  89002.2   105000
read      690.0   485.6   148.8   410.6   439.6   554.4   826.7   905.6   944.4   979.6  1014.7  1076.9  1233.6  7017.2 16441.6  94682.8   110000
Warning! Detected max cpu usage > 95%
CPU Usage Stats (avg/min/max): 89.89%,60.50%,100.00%

#type       avg     std     min      p5     p10     p50     p67     p75     p80     p85     p90     p95     p99    p999   p9999     QPS   target
read      491.2   603.1   160.7   212.0   230.1   437.4   535.4   591.7   635.5   687.0   745.1   833.1  1092.6  6070.4 30139.5  29858.0    30000
read      494.0   503.0   148.8   214.6   233.3   452.0   548.3   603.2   647.0   699.0   759.3   847.7  1074.0  5752.8 29440.0  35026.2    35000
read      498.3   571.6   148.8   213.4   232.2   447.7   545.3   602.1   644.0   697.0   761.4   856.4  1135.4  6528.2 30925.6  39925.4    40000
read      482.2   461.2   160.7   212.1   230.1   427.2   527.6   585.5   631.6   689.5   761.0   859.5  1156.4  5205.7 16991.6  44891.6    45000
read      487.2   484.1   148.8   212.3   231.0   433.7   534.3   587.9   631.0   686.5   757.8   862.9  1143.1  6010.8 16094.4  49750.4    50000
read      489.9   506.7   148.8   211.7   230.9   434.1   534.3   589.6   631.6   683.8   754.5   864.6  1205.9  7423.5 18786.3  55088.6    55000
read      491.6   504.0   148.8   212.2   232.1   432.8   534.6   591.7   634.8   690.3   766.9   881.9  1219.9  6357.4 16273.2  59986.2    60000
read      495.5   501.8   148.8   214.8   236.7   442.6   542.8   597.3   636.5   687.1   756.7   873.4  1185.0  7378.1 22336.2  65093.0    65000
read      494.9   479.7   160.7   216.0   238.5   438.0   533.1   587.5   628.9   681.9   757.4   885.6  1228.7  6431.0 12880.7  69832.7    70000
read      489.6   459.3   148.8   216.8   239.2   436.0   531.2   584.9   626.5   680.3   755.7   887.9  1185.3  5554.1 19051.6  74927.8    75000
read      504.7   458.4   148.8   222.1   248.3   448.0   542.0   594.5   636.5   694.1   782.3   938.6  1216.4  6140.5 16507.3  79992.8    80000
read      598.3   414.6   148.8   259.0   309.0   533.4   631.5   719.1   794.5   877.8   964.6  1068.6  1245.6  5499.8 14677.0  84867.6    85000
read      744.9   486.7   160.7   444.0   477.2   617.6   811.1   962.7  1022.3  1073.5  1131.0  1202.9  1364.1  5893.5 18932.1  86323.8    90000
read      761.3   537.4   173.5   463.3   492.5   620.5   808.4   997.6  1050.1  1095.1  1147.8  1217.1  1380.7  6187.8 23097.0  86054.0    95000
read      762.8   526.7   160.7   462.8   491.7   621.5   819.5   989.3  1046.1  1095.3  1152.0  1227.9  1407.2  8023.2 20973.9  86085.0   100000
read      737.9   474.2   160.7   457.1   484.0   596.7   766.0   977.6  1029.8  1070.3  1116.6  1179.9  1347.3  6665.7 16684.1  89003.6   105000
read      743.0   452.1   160.7   460.4   488.6   606.5   750.8   994.8  1045.0  1085.4  1134.0  1187.5  1344.0  6276.2 14975.6  88168.6   110000
Warning! Detected max cpu usage > 95%
CPU Usage Stats (avg/min/max): 89.92%,67.17%,100.00%