#type       avg     std     min      p5     p10     p50     p67     p75     p80     p85     p90     p95     p99    p999   p9999     QPS   target
read      499.8   571.0   160.7   212.8   231.4   445.4   540.9   598.9   643.6   695.7   754.2   840.6  1271.9  6273.0 29249.6  29879.6    30000
read      497.7   605.9   160.7   211.8   230.2   438.5   538.7   597.9   643.2   696.8   762.8   854.3  1139.5  7361.5 30694.3  34940.6    35000
read      507.5   673.5   160.7   211.9   230.9   436.9   538.8   598.9   643.4   700.4   771.3   870.8  1228.0  7888.7 31498.1  39962.6    40000
read      508.6   554.9   160.7   214.9   235.2   464.1   562.2   616.1   657.4   708.9   775.0   868.4  1161.7  6212.5 30186.4  44992.2    45000
read      487.2   454.6   148.8   212.4   231.5   433.9   536.3   592.7   635.7   687.9   756.0   862.9  1154.8  5736.3 15752.7  50024.0    50000
read      512.7   629.3   148.8   215.4   236.0   450.3   554.3   610.2   650.7   702.5   774.1   885.8  1242.9  7619.1 29815.4  54955.2    55000
read      489.6   512.2   148.8   213.0   232.6   431.2   533.2   590.5   633.8   688.3   762.6   883.3  1169.6  5599.9 24880.3  59962.5    60000
read      486.8   458.7   148.8   214.4   235.3   434.9   533.7   588.5   628.4   678.3   746.2   861.4  1167.9  6054.4 18280.6  64941.0    65000
read      472.5   455.0   160.7   213.8   234.6   422.1   517.7   572.8   614.2   666.0   734.8   848.0  1093.1  4957.3 24565.1  69933.0    70000
read      512.0   503.6   148.8   222.8   248.9   457.7   549.9   605.2   646.9   704.2   783.8   919.8  1244.2  6908.6 21556.6  74941.6    75000
read      550.0   472.6   160.7   234.0   269.1   494.7   586.3   640.3   689.1   761.0   863.9  1018.8  1267.4  6255.5 15569.4  79954.8    80000
read      608.8   479.4   160.7   257.7   308.8   538.1   634.8   718.8   798.3   893.2   987.7  1094.9  1303.5  6079.3 16068.2  84692.4    85000
read      660.5   492.2   160.7   325.3   375.7   584.2   701.2   792.6   857.1   928.3  1014.1  1130.0  1333.3  7144.6 17188.8  89765.4    90000
read      752.7   442.1   173.5   454.3   484.4   619.7   833.3   980.3  1035.4  1082.1  1138.6  1213.1  1373.0  5783.5 14369.8  86492.0    95000
read      801.2   529.0   160.7   495.3   525.6   652.8   804.9  1058.8  1116.9  1162.0  1214.7  1277.9  1443.2  6578.7 21576.6  82180.2   100000
read      708.5   419.1   160.7   437.1   461.3   573.8   837.8   949.9   988.0  1026.6  1067.6  1121.0  1255.4  4891.3 16485.2  92018.4   105000
read      769.5   555.3   160.7   475.3   504.2   624.1   772.8  1021.2  1067.2  1113.9  1162.4  1233.6  1384.6  7390.5 26643.6  85611.0   110000
Warning! Detected max cpu usage > 95%
CPU Usage Stats (avg/min/max): 89.97%,66.83%,100.00%

#type       avg     std     min      p5     p10     p50     p67     p75     p80     p85     p90     p95     p99    p999   p9999     QPS   target
read      490.0   573.4   160.7   209.8   227.3   429.5   529.1   586.7   630.6   681.9   740.4   825.8  1376.4  7722.1 28231.1  29823.4    30000
read      494.3   544.8   160.7   210.2   228.4   438.5   536.6   592.5   635.9   688.8   751.8   845.2  1275.8  6033.0 22440.0  34968.2    35000
read      503.8   551.5   148.8   213.5   232.6   449.2   547.8   605.2   648.0   703.9   772.8   867.6  1164.9  7282.1 21327.8  39970.2    40000
read      507.7   602.1   148.8   212.3   232.2   457.4   554.5   608.8   650.1   701.8   768.6   864.1  1177.5  7073.5 30724.9  44886.8    45000
read      472.4   349.6   148.8   210.9   229.6   429.6   527.8   584.0   627.0   681.1   749.9   852.6  1084.0  4405.0 11933.1  50117.4    50000
read      491.4   530.1   160.7   212.5   231.5   434.0   534.2   590.7   633.4   688.6   763.5   874.9  1179.8  6366.8 23013.9  55102.8    55000
read      476.0   511.5   148.8   211.2   230.2   418.0   517.7   576.5   620.8   675.4   747.7   862.3  1113.9  6079.5 19594.8  59934.2    60000
read      487.8   449.1   148.8   213.4   234.3   436.2   536.5   591.4   632.7   684.6   754.6   870.2  1176.8  6151.2 15674.9  64867.2    65000
read      491.6   553.7   148.8   213.1   234.3   430.5   526.8   581.2   622.7   675.6   746.4   869.1  1241.4  6336.8 28865.5  70082.4    70000
read      474.1   439.6   160.7   217.0   238.0   421.5   512.4   567.8   610.0   662.9   733.9   847.9  1097.6  6165.9 17727.2  75115.8    75000
read      507.8   544.0   148.8   218.2   244.1   445.5   541.2   593.9   636.2   692.5   783.4   940.4  1223.4  6999.7 23884.4  80172.8    80000
read      597.4   453.4   148.8   265.0   312.5   531.1   632.5   718.3   788.5   864.6   945.4  1058.7  1261.8  5400.1 16031.6  84751.2    85000
read      707.9   461.2   160.7   402.0   437.1   601.8   790.8   890.7   945.0  1001.5  1067.0  1152.4  1309.7  6589.2 16679.5  89082.6    90000
read      748.9   495.8   160.7   459.7   488.3   609.7   802.3   986.6  1039.3  1083.0  1133.9  1191.6  1365.1  6421.5 19248.2  87147.6    95000
read      702.6   401.4   160.7   416.8   447.3   581.2   828.8   921.7   965.3  1005.1  1054.0  1117.6  1276.3  4432.4 15432.4  92245.2   100000
read      715.2   484.1   160.7   439.6   465.5   576.2   809.4   952.0   992.8  1033.4  1073.4  1132.0  1275.8  6787.0 18313.8  91555.4   105000
read      720.9   484.5   160.7   441.5   470.0   581.6   804.7   957.2  1001.2  1042.6  1082.3  1145.8  1282.3  7162.9 17216.8  90910.0   110000
Warning! Detected max cpu usage > 95%
CPU Usage Stats (avg/min/max): 90.03%,59.20%,100.00%

#type       avg     std     min      p5     p10     p50     p67     p75     p80     p85     p90     p95     p99    p999   p9999     QPS   target
read      500.1   552.3   160.7   212.0   231.2   452.0   548.4   605.9   647.2   695.0   749.8   833.1  1094.3  7797.4 30417.6  29981.4    30000
read      512.8   678.8   148.8   210.4   229.0   452.7   550.0   607.2   650.1   700.7   760.0   848.2  1316.8  7934.0 31122.2  34950.8    35000
read      510.5   549.7   160.7   214.2   233.8   463.1   560.3   614.7   656.0   706.4   770.2   865.8  1177.1  8242.4 28272.4  39912.2    40000
read      484.7   503.8   160.7   211.9   229.8   428.8   529.3   587.6   633.4   689.2   759.2   857.9  1139.0  6006.5 24438.9  44987.2    45000
read      482.7   512.5   148.8   211.0   229.2   428.8   531.0   587.4   631.1   685.1   753.4   859.6  1096.0  6377.8 26292.7  49870.4    50000
read      471.1   547.2   148.8   210.6   228.0   410.0   509.7   569.2   613.1   667.2   737.7   844.2  1099.3  6127.5 29988.9  55017.4    55000
read      486.7   583.5   148.8   211.1   229.9   417.9   518.8   578.5   623.6   679.0   751.8   871.0  1200.8  7871.2 30778.7  60023.2    60000
read      485.5   472.9   148.8   214.0   234.3   430.3   530.2   588.2   631.5   684.9   756.9   871.2  1187.8  6211.7 18282.2  64967.8    65000
read      486.0   482.7   148.8   214.6   236.4   432.4   530.7   586.2   627.6   678.2   746.1   859.5  1176.4  6103.9 19646.1  69835.0    70000
read      475.3   449.4   160.7   215.0   236.0   417.6   510.1   565.4   608.6   663.7   737.2   854.9  1176.6  5580.9 16939.9  74971.0    75000
read      544.7   467.2   160.7   237.3   271.8   493.6   583.1   636.3   682.8   745.8   849.5  1017.0  1256.3  5917.2 21386.2  79827.8    80000
read      658.3   480.2   160.7   302.0   361.4   580.5   679.4   785.6   878.1   969.2  1058.3  1157.6  1322.2  6212.5 19739.2  84970.4    85000
read      648.6   485.4   160.7   323.1   377.0   559.7   713.5   819.8   879.1   935.4   997.7  1079.4  1248.7  5751.5 19555.6  89624.2    90000
read      748.3   496.4   148.8   448.4   481.6   618.9   803.5   969.2  1028.7  1080.3  1139.7  1217.1  1374.9  6215.9 20091.5  86793.0    95000
read      687.9   452.4   160.7   399.7   430.8   577.2   796.4   884.0   926.8   973.1  1023.2  1098.3  1266.9  5319.8 20009.0  93618.0   100000
read      769.5   547.2   160.7   472.9   498.4   618.6   841.1  1016.2  1059.3  1101.5  1152.3  1221.2  1431.6  7487.9 22214.7  85462.4   105000
read      754.3   482.4   148.8   464.4   492.4   616.5   831.2  1000.3  1049.2  1092.4  1143.7  1207.6  1363.7  5302.9 21719.7  87069.8   110000
Warning! Detected max cpu usage > 95%
CPU Usage Stats (avg/min/max): 89.93%,57.71%,100.00%