#type       avg     std     min      p5     p10     p50     p67     p75     p80     p85     p90     p95     p99    p999   p9999     QPS   target
read      472.3   325.5   148.8   210.0   232.4   441.7   532.2   585.1   625.6   674.3   732.8   813.5   987.2  3694.3 12915.1  30013.0    30000
read      460.9   297.4   148.8   209.5   229.6   424.3   518.7   573.4   615.1   666.2   730.7   819.0   995.8  3106.5 11144.1  35040.0    35000
read      457.9   368.9   148.8   207.9   227.2   418.6   511.7   569.0   611.1   661.4   725.7   814.5   998.6  4158.8 12905.6  40150.0    40000
read      464.6   270.4   148.8   212.0   232.4   436.8   531.3   583.3   621.9   669.2   729.6   814.7   992.5  1885.8  8546.0  45002.0    45000
read      439.4   301.1   148.8   205.5   223.0   402.3   494.4   547.8   589.5   639.7   703.9   791.5   958.1  1714.5 10253.9  49993.0    50000
read      439.6   267.5   148.8   206.8   225.2   404.2   497.1   549.1   588.9   636.3   697.9   789.2   966.1  1953.6 11858.4  54909.4    55000
read      432.6   312.2   148.8   205.6   223.6   390.0   482.6   536.4   577.0   625.1   688.4   784.6   967.8  2622.2 14845.5  59967.2    60000
read      425.5   257.1   148.8   204.5   221.9   382.3   475.8   530.6   571.5   620.0   681.6   775.9   950.8  1570.5 10209.1  65039.4    65000
read      424.0   253.8   148.8   204.5   222.5   382.8   474.2   527.4   566.0   613.4   674.0   764.7   937.9  1789.1  9949.7  69987.0    70000
read      414.8   269.1   148.8   203.3   220.8   373.6   461.7   514.6   552.3   596.6   653.0   737.8   904.7  1556.0 10594.8  74999.7    75000
read      427.8   294.9   148.8   209.0   228.4   388.2   472.9   524.0   561.8   608.0   667.5   756.4   930.7  2443.8 10107.1  80066.4    80000
read      502.2   277.1   160.7   238.0   272.5   465.6   553.4   607.4   649.3   703.7   775.3   877.1  1074.1  1740.4  9806.2  84943.4    85000
read      646.3   388.2   160.7   292.9   356.3   575.9   656.1   764.5   875.6   986.1  1070.2  1153.1  1272.1  2814.9 15896.2  89448.0    90000
read      753.4   410.3   160.7   463.3   498.2   631.8   754.8   977.2  1053.5  1116.2  1170.8  1241.5  1356.6  2973.7 17691.3  86470.8    95000
read      766.6   413.0   148.8   486.1   518.3   632.7   736.4  1028.8  1092.3  1138.7  1182.5  1247.1  1356.8  3997.2 15236.6  85444.2   100000
read      760.4   421.6   148.8   473.4   508.0   631.8   756.1  1005.8  1073.0  1127.4  1175.6  1242.3  1353.4  3618.7 17159.4  86041.6   105000
read      762.7   432.7   160.7   484.3   516.0   630.9   724.4  1019.5  1083.1  1134.1  1180.5  1246.0  1354.7  4159.6 17044.5  86102.6   110000
Warning! Detected max cpu usage > 95%
CPU Usage Stats (avg/min/max): 89.70%,48.99%,100.00%


#type       avg     std     min      p5     p10     p50     p67     p75     p80     p85     p90     p95     p99    p999   p9999     QPS   target
read      463.3   322.8   148.8   212.7   233.7   431.1   522.5   577.5   618.3   665.7   722.4   798.9   945.3  3807.7 11224.6  29949.2    30000
read      473.1   276.4   160.7   214.1   236.1   447.1   537.5   589.0   628.5   676.5   734.5   816.4   990.8  2101.3  9155.1  34887.2    35000
read      449.9   291.2   160.7   208.6   226.9   415.2   505.9   559.8   601.2   651.3   715.8   802.5   977.7  2502.7  9991.8  40063.6    40000
read      448.6   267.7   160.7   210.0   228.5   408.2   502.6   560.5   603.7   655.3   722.0   812.6   997.1  1634.1  9964.4  45040.2    45000
read      451.8   307.4   148.8   207.6   225.9   414.0   508.1   561.5   602.3   651.1   714.2   805.4  1011.3  3643.1 12103.2  49781.8    50000
read      446.4   256.7   148.8   207.7   226.3   413.8   509.2   561.0   599.4   646.5   708.5   796.1   970.7  1608.1  8591.7  55050.2    55000
read      420.9   242.9   148.8   203.8   220.5   380.5   470.0   524.5   564.9   613.2   675.4   766.4   934.6  1722.6  8068.5  59983.7    60000
read      445.1   315.3   148.8   208.0   227.4   405.7   500.7   553.4   593.1   640.3   702.5   795.9   985.7  2253.9 13811.5  64799.2    65000
read      434.5   451.6   148.8   207.4   226.8   394.6   487.1   539.8   578.6   624.1   682.5   773.8   944.8  1455.3 12533.8  69986.0    70000
read      448.2   257.7   148.8   213.0   234.7   417.7   508.2   557.6   592.6   635.0   691.4   779.9   950.8  1377.9  9454.9  74877.6    75000
read      450.7   256.9   148.8   216.0   240.0   420.5   506.8   554.3   590.4   632.9   687.8   773.8   947.4  1769.7 10650.5  80122.1    80000
read      440.2   247.9   148.8   216.1   239.8   404.1   486.7   536.9   575.0   621.3   681.7   770.1   937.2  1327.6  8094.7  85015.5    85000
read      704.6   374.6   160.7   417.6   460.0   590.0   748.8   932.9   990.4  1040.7  1087.0  1151.4  1260.8  3216.2 15928.5  88772.6    90000
read      673.2   426.5   160.7   290.5   370.4   585.4   650.1   818.1   981.4  1054.6  1112.9  1172.9  1274.8  3467.5 18316.0  89176.6    95000
read      746.1   398.1   148.8   475.8   508.4   616.7   721.6   997.9  1059.9  1109.9  1154.3  1210.9  1312.6  3974.2 15249.4  87716.8   100000
read      761.4   379.8   160.7   502.6   527.3   629.6   699.0  1029.3  1099.7  1141.6  1183.1  1245.0  1347.0  3287.6 13946.3  86071.0   105000
read      768.6   394.7   148.8   494.3   523.6   633.6   731.9  1035.1  1101.4  1144.3  1187.2  1250.4  1357.7  3807.7 15000.3  85275.6   110000
Warning! Detected max cpu usage > 95%
CPU Usage Stats (avg/min/max): 90.30%,75.38%,100.00%

#type       avg     std     min      p5     p10     p50     p67     p75     p80     p85     p90     p95     p99    p999   p9999     QPS   target
read      476.8   366.9   160.7   214.3   236.4   444.7   535.1   589.1   630.2   676.4   733.5   814.2   999.9  3800.1 12590.4  30041.0    30000
read      477.4   308.7   160.7   215.7   237.7   446.4   539.6   593.2   634.2   683.2   743.4   827.9   991.8  3887.9 12009.1  35163.6    35000
read      459.8   346.7   148.8   210.3   230.0   424.8   517.7   572.7   614.6   665.3   727.3   808.5   979.4  3110.6 12436.7  40012.2    40000
read      458.5   282.9   148.8   210.5   230.0   426.3   519.8   573.2   613.3   662.6   727.0   814.8   987.9  1722.4 11547.8  45001.2    45000
read      445.5   276.1   148.8   207.4   225.3   411.9   504.5   556.5   595.9   644.6   707.0   793.0   971.0  2164.4  8120.8  49830.8    50000
read      445.7   494.1   148.8   207.4   225.4   405.0   502.5   555.3   594.6   644.7   711.6   804.0   998.8  1757.7 10880.8  54938.2    55000
read      434.6   272.0   148.8   205.8   223.6   399.0   493.0   544.7   583.9   629.6   686.1   771.9   932.4  1436.1 12031.5  59881.4    60000
read      430.1   304.9   148.8   204.6   222.3   388.1   480.9   535.6   576.1   623.7   684.3   775.4   952.3  1787.4 12860.0  64699.8    65000
read      443.0   320.4   148.8   207.8   227.5   404.0   496.1   548.9   587.7   633.6   693.6   787.2   968.8  2502.8 11948.0  70125.2    70000
read      426.6   237.2   148.8   207.2   226.4   394.5   482.7   532.0   567.5   609.5   664.8   745.6   897.8  1281.7  9086.7  74941.2    75000
read      434.8   251.9   148.8   209.3   229.8   397.3   484.8   535.1   573.1   620.2   680.8   772.3   951.3  1660.0  9986.0  79733.4    80000
read      581.4   395.2   160.7   234.7   274.7   538.1   614.3   662.1   714.2   852.3  1035.6  1148.6  1278.1  2081.7 15964.0  84573.3    85000
read      743.7   378.4   148.8   467.5   500.1   621.5   740.0   983.3  1049.6  1101.6  1151.3  1213.8  1330.4  3361.1 15540.8  86208.3    90000
read      732.1   385.0   160.7   437.5   477.1   619.4   761.6   943.8  1022.8  1081.7  1139.1  1202.5  1315.1  3432.1 15602.0  88197.4    95000
read      769.8   409.9   148.8   486.1   520.9   636.8   734.3  1028.7  1101.4  1146.1  1191.8  1255.3  1366.2  4573.4 15477.9  85092.2   100000
read      773.5   411.8   148.8   482.8   517.5   640.4   755.9  1029.0  1095.9  1145.2  1194.9  1259.8  1372.2  4230.1 15230.8  84771.8   105000
read      780.2   420.7   148.8   496.1   526.0   640.6   764.9  1047.3  1107.1  1150.1  1195.2  1257.8  1367.1  4154.4 16130.9  84161.2   110000
Warning! Detected max cpu usage > 95%
CPU Usage Stats (avg/min/max): 90.20%,54.00%,100.00%