#type       avg     std     min      p5     p10     p50     p67     p75     p80     p85     p90     p95     p99    p999   p9999      QPS   target       ts_start         ts_end
read      289.0   235.0   160.7   204.7   216.4   270.1   296.7   314.3   327.5   343.7   366.4   398.1   465.5  2924.1  9888.6  29959.5    30000  1683235228537  1683235238678
read      285.5   220.2   160.7   204.1   213.7   266.6   294.4   312.5   325.8   342.8   366.1   398.9   463.1  1990.0 11267.5  29903.3    30005  1683235240184  1683235250310
read      284.6   226.0   160.7   204.3   214.9   266.7   293.5   310.9   323.4   340.7   363.3   395.4   461.6  1710.8  9877.2  29938.4    30010  1683235251819  1683235261927
read      283.4   206.5   160.7   203.1   212.6   264.6   292.3   309.9   322.3   339.7   361.8   393.9   461.1  2522.7  9485.9  30021.5    30015  1683235263436  1683235273543
read      285.1   189.4   160.7   204.7   215.3   266.6   294.2   312.5   326.1   343.5   366.7   399.1   469.8  1665.8  8687.2  30057.6    30020  1683235275050  1683235285163
read      287.4   204.0   160.7   204.5   214.8   267.5   295.8   314.6   328.8   345.5   368.9   402.7   481.9  2186.4  9792.5  30031.3    30025  1683235286669  1683235296778
read      283.2   193.0   160.7   203.7   213.5   265.0   292.1   309.9   322.6   340.2   362.7   395.0   463.5  2047.4  8748.2  30002.7    30030  1683235298284  1683235308395
read      284.5   198.4   148.8   205.1   215.2   265.3   292.2   310.1   323.3   341.6   365.6   399.1   469.3  1976.1  8790.2  30002.5    30035  1683235309906  1683235320007
read      285.6   197.4   160.7   204.0   214.1   267.4   295.1   313.3   326.9   343.9   366.9   398.6   468.2  1922.7  8705.8  29983.0    30040  1683235321517  1683235331622
read      289.6   240.2   148.8   205.6   216.1   267.9   296.1   314.8   329.3   346.5   370.7   403.3   480.4  2691.9 11435.4  29956.0    30045  1683235333130  1683235343239
read      294.3   320.3   160.7   204.1   212.8   263.2   292.3   311.7   326.6   345.4   370.5   405.8   525.3  5299.5 12370.3  30122.7    30050  1683235344747  1683235354856
read      294.6   351.0   160.7   204.0   212.0   260.8   289.9   309.2   323.4   342.5   368.1   405.6   509.4  5380.1 12323.5  30048.0    30055  1683235356364  1683235366473
read      290.4   278.6   160.7   203.0   212.1   265.2   294.4   313.7   328.4   346.0   370.0   403.1   487.0  4280.1 12496.5  30068.0    30060  1683235367982  1683235378085
read      291.9   442.7   160.7   207.6   219.0   270.5   298.9   317.5   332.2   348.9   372.1   404.2   484.1  2257.9 11597.3  30041.9    30065  1683235379594  1683235389702
read      310.2   715.8   160.7   207.1   219.0   274.9   305.8   324.5   339.9   359.0   384.3   425.6   808.4  4579.2 10755.3  30100.5    30070  1683235391209  1683235401316
read      304.3   358.4   160.7   203.5   213.8   268.4   296.6   315.3   329.9   347.1   371.6   408.0   639.8  6097.6 11213.6  30049.4    30075  1683235402824  1683235412934
read      296.2   243.2   160.7   207.4   219.3   273.5   303.4   321.1   336.9   355.1   378.9   414.6   502.7  3016.1 10164.4  30166.1    30080  1683235414443  1683235424551
read      299.1   301.8   160.7   210.1   220.5   268.9   296.7   316.1   331.5   349.9   374.9   415.1   511.9  5068.7 10260.3  29973.4    30085  1683235426061  1683235436166
read      304.4   355.2   160.7   210.2   220.9   271.6   300.6   319.6   335.6   354.7   380.7   423.3   543.2  5453.3 15235.5  30160.5    30090  1683235437673  1683235447778
read      292.8   267.9   160.7   208.2   218.9   265.9   293.0   311.4   325.3   343.7   369.4   408.3   503.1  4056.4 10033.2  30157.6    30095  1683235449284  1683235459396
read      305.1   342.0   160.7   209.5   220.4   272.7   303.6   322.9   339.0   358.7   385.1   425.6   535.0  5464.6 14607.9  30048.2    30100  1683235460905  1683235471010
read      295.5   251.9   160.7   208.3   219.5   270.4   299.1   317.9   332.9   350.3   373.9   411.9   499.9  3800.9  9997.8  30056.4    30105  1683235472520  1683235482627
read      285.0   229.9   160.7   202.5   211.9   266.6   294.0   311.6   324.3   341.5   364.2   396.5   461.0  2190.4 10519.3  30026.1    30110  1683235484137  1683235494241
read      283.9   189.6   160.7   204.8   214.6   265.4   292.4   310.3   323.3   340.9   363.8   396.3   466.1  2092.0  8595.3  30087.5    30115  1683235495747  1683235505849
read      284.6   220.0   160.7   204.5   214.2   265.2   293.1   311.1   324.2   341.5   363.5   394.8   462.9  2371.0 10467.2  30126.9    30120  1683235507359  1683235517465
read      286.6   207.0   148.8   205.6   216.1   268.2   295.5   313.1   326.1   342.7   365.4   397.9   467.4  2046.6  9093.4  30137.8    30125  1683235518977  1683235529084
read      292.0   205.1   148.8   205.1   217.2   273.9   302.9   320.0   334.8   351.6   374.0   407.9   478.0  1846.1  9623.8  30142.2    30130  1683235530593  1683235540704
read      290.3   203.1   160.7   206.2   218.2   272.1   299.8   317.4   331.4   347.0   370.5   403.1   470.6  2138.3  8740.7  30142.9    30135  1683235542211  1683235552316
read      287.8   197.6   160.7   204.5   215.1   268.7   296.8   315.5   329.9   347.0   371.5   404.7   475.4  1855.5  9275.2  30105.0    30140  1683235553826  1683235563934
read      283.7   210.2   160.7   202.8   212.1   264.9   293.0   311.1   324.1   341.3   363.2   394.7   465.1  2135.9  9389.6  30182.4    30145  1683235565443  1683235575554
read      285.9   196.6   160.7   204.8   215.5   268.1   295.3   313.0   326.0   342.6   365.2   396.9   465.1  1974.7  8687.6  30099.1    30150  1683235577066  1683235587175
read      283.9   205.2   148.8   203.3   212.8   265.4   293.7   311.6   324.5   341.6   363.8   396.0   463.1  2025.9  8852.7  30201.6    30155  1683235588683  1683235598788
read      280.8   202.3   160.7   203.8   212.8   261.3   287.9   305.4   318.6   336.7   360.2   394.0   459.7  2304.0 10163.2  30182.7    30160  1683235600293  1683235610403
read      285.8   216.5   148.8   203.2   213.3   265.9   293.8   312.5   326.4   343.6   367.3   400.7   469.3  2435.5  9477.2  30208.5    30165  1683235611913  1683235622019