#type       avg     std     min      p5     p10     p50     p67     p75     p80     p85     p90     p95     p99    p999   p9999      QPS   target       ts_start         ts_end
read      283.5   201.1   160.7   203.0   212.7   265.3   292.7   310.5   323.4   341.1   363.9   395.8   460.0  2076.1  9673.6  29917.7    30000  1683237766095  1683237776240
read      287.2   168.7   148.8   204.5   215.0   269.5   298.2   316.8   331.2   347.4   370.9   403.0   471.8  1961.3  7837.7  30000.3    30005  1683237777747  1683237787888
read      283.4   184.9   160.7   205.6   216.0   265.5   291.5   308.4   320.4   337.7   359.6   392.4   465.8  2175.4  8105.4  30064.7    30010  1683237789395  1683237799514
read      287.5   268.2   160.7   205.0   214.9   265.2   292.2   309.7   322.0   339.5   362.0   394.9   467.5  3685.0 10100.9  30004.2    30015  1683237801023  1683237811138
read      285.5   333.7   160.7   203.3   210.3   253.2   278.6   295.9   310.4   327.7   352.0   389.8   484.6  5796.2 11069.0  30020.5    30020  1683237812646  1683237822757
read      291.1   287.6   160.7   203.4   211.8   263.6   292.2   310.4   323.7   341.6   366.1   401.6   489.3  5127.4  9305.3  30014.3    30025  1683237824265  1683237834385
read      282.7   197.5   160.7   203.7   213.0   262.8   290.1   308.0   321.0   339.6   363.2   396.9   467.2  2380.4  8708.2  30026.2    30030  1683237835891  1683237845995
read      283.7   190.1   160.7   204.4   214.2   265.5   292.9   310.7   323.3   340.5   362.6   394.6   461.9  2017.1  8199.9  29974.5    30035  1683237847507  1683237857611
read      287.3   215.5   160.7   203.7   214.3   268.8   296.5   314.6   328.3   344.9   368.5   401.2   470.9  1915.5  9719.8  30106.2    30040  1683237859121  1683237869224
read      288.7   203.6   160.7   205.3   216.1   269.5   298.3   316.6   330.7   346.6   369.8   401.9   472.8  2151.5  9669.6  30058.5    30045  1683237870734  1683237880840
read      289.4   283.6   148.8   203.8   213.8   265.4   292.8   311.0   324.4   341.9   365.3   399.2   472.5  4383.9 12603.7  29936.4    30050  1683237882346  1683237892454
read      297.7   264.1   160.7   208.1   218.8   268.7   297.4   317.5   333.4   352.3   377.5   417.9   517.0  4264.0  9487.7  30024.6    30055  1683237893963  1683237904069
read      298.5   305.8   160.7   208.7   219.5   269.7   298.5   318.2   333.9   352.5   377.4   417.8   514.9  3771.9 12126.0  30080.4    30060  1683237905576  1683237915685
read      293.2   307.2   160.7   209.2   219.6   264.1   289.1   305.9   318.7   337.0   361.6   399.6   500.4  5279.6 10687.6  30052.7    30065  1683237917196  1683237927304
read      306.5   359.3   160.7   209.4   220.2   271.0   301.4   320.7   337.2   357.0   383.6   424.2   545.4  6271.7 14149.5  30102.0    30070  1683237928812  1683237938922
read      290.3   251.1   148.8   205.2   216.2   267.2   294.1   312.1   325.6   343.2   367.8   403.1   492.3  3488.1 12045.2  30019.1    30075  1683237940429  1683237950537
read      284.7   182.5   160.7   204.8   214.8   266.8   294.5   312.9   326.5   343.0   364.9   396.7   467.2  1612.9  8184.9  30086.7    30080  1683237952047  1683237962156
read      281.0   193.9   160.7   202.7   211.1   261.8   290.2   308.6   321.8   339.5   361.5   393.0   461.3  2200.5  9110.8  30088.4    30085  1683237963663  1683237973774
read      284.9   204.9   148.8   205.3   215.9   265.4   292.1   309.8   322.7   340.6   363.6   396.7   471.5  2205.0  9206.9  30037.7    30090  1683237975284  1683237985397
read      285.9   193.2   160.7   205.5   216.2   267.5   294.4   312.4   325.6   342.6   365.3   398.1   467.8  1894.0  8648.6  30092.6    30095  1683237986904  1683237997007
read      279.8   205.4   148.8   202.4   211.3   261.7   288.5   305.8   318.7   336.3   358.6   390.8   454.9  1648.1  8878.7  30120.2    30100  1683237998515  1683238008619
read      285.5   218.0   160.7   203.8   213.5   267.1   295.1   312.8   325.6   342.2   364.4   396.5   465.8  2102.9  9281.2  30113.6    30105  1683238010129  1683238020233
read      292.8   199.9   160.7   208.0   220.4   275.1   302.5   318.8   332.9   348.8   371.8   404.2   471.2  2150.6  9473.0  30174.8    30110  1683238021747  1683238031865