minjingshi@client-measure-8n98:~/memcache-perf-dynamic$ ./mcperf -s 10.0.16.3 -a 10.0.16.4 --noload -T 16 -C 4 -D 4 -Q 1000 -c 4 -t 1800 --qps_interval 5 --qps_min 5000 --qps_max 100000 --qps_seed 3274
Random waveform, supplied seed
Total number of intervals = 360 (7434, 67201, 85927, 63953, 31595, 87879, 7287, 62295, 6561, 22532, 60653, 59076, 60154, 22964, 8172, 27652, 37594, 24367, 33771, 84944, 85666, 51918, 34406, 28664, 38289, 20658, 13840, 93419, 98284, 71313, 42089, 46458, 30755, 42889, 93552, 65694, 29574, 51355, 67361, 16287, 81508, 87619, 99068, 51267, 11822, 97494, 97350, 55460, 85984, 82043, 52873, 13911, 49984, 9274, 27187, 18735, 86505, 93039, 75999, 32324, 84255, 81759, 37291, 53818, 30297, 31569, 38927, 10652, 98119, 48176, 34929, 69735, 20753, 84642, 42333, 61587, 77998, 97625, 23781, 66723, 31016, 47394, 95335, 5252, 65908, 16889, 42912, 99898, 26385, 22616, 50605, 90283, 26273, 48521, 34058, 75648, 19482, 15054, 75754, 5187, 17656, 96343, 36665, 85269, 31525, 61798, 12253, 25710, 79937, 7271, 85861, 91467, 72217, 31080, 76878, 84584, 12492, 57106, 96245, 6791, 90728, 5151, 82969, 42635, 99337, 95192, 69200, 49459, 29055, 64324, 5705, 84816, 23714, 74116, 19948, 44213, 19454, 7190, 47657, 44399, 6481, 5807, 83137, 9580, 37385, 33706, 35204, 50438, 48878, 42682, 27416, 64424, 64364, 5481, 26227, 26586, 86286, 24452, 26832, 29795, 46224, 84587, 63389, 46953, 90536, 12508, 38491, 97806, 11813, 39665, 53571, 63215, 78767, 8615, 67903, 16398, 53434, 38068, 9130, 69227, 37496, 83925, 51037, 33690, 51474, 73708, 98618, 81977, 91567, 48236, 91726, 52458, 70467, 71151, 65016, 42057, 78821, 60720, 39911, 10628, 73736, 7334, 91868, 76670, 10405, 26019, 55530, 29615, 66057, 55281, 21177, 88239, 70227, 23421, 97104, 6235, 58045, 23729, 40897, 53312, 87262, 81836, 92274, 47252, 75747, 80994, 98224, 7737, 37514, 10640, 90490, 92514, 89245, 73823, 46565, 21419, 66915, 31667, 72255, 99535, 9226, 67844, 71413, 97328, 55113, 53743, 15253, 90605, 25767, 93458, 95080, 88399, 95681, 33003, 98809, 64610, 51183, 20194, 7602, 46677, 5577, 23035, 57516, 62851, 38431, 25729, 19443, 19461, 42341, 5691, 40223, 29941, 41162, 43863, 20318, 93421, 48578, 40595, 17677, 78948, 9703, 9686, 7968, 15830, 8192, 79410, 76582, 54634, 72177, 15101, 8167, 44130, 53047, 97171, 81360, 77277, 38294, 11165, 74155, 12255, 52404, 17057, 6005, 85707, 79742, 58322, 26212, 69487, 29507, 51412, 67374, 55125, 53048, 12192, 36138, 60799, 36368, 39729, 95693, 40999, 65037, 12633, 50117, 62765, 12379, 49369, 39111, 52692, 24539, 61591, 47864, 16479, 75268, 8714, 13002, 77147, 43518, 27206, 55859, 37448, 45026, 99974, 64632, 49061, 80418, 16471, 35694, 13935, 79838, 48842, 17708, 31401, 62091, 87121, 81929, 42013, 90709, 67578, 58116, 68886)
Average QPS expected = 50334
Timestamp start: 1684326376874
Timestamp end: 1684328177386

#type       avg     std     min      p5     p10     p50     p67     p75     p80     p85     p90     p95     p99    p999   p9999      QPS   target
read      451.0  1178.1   160.7   221.0   242.4   337.5   376.0   398.1   415.0   434.7   467.9   529.7  3906.0 16486.9 39959.5   7333.4     7434
read      350.9   418.6   148.8   192.2   203.2   287.9   348.2   390.4   425.4   470.3   529.5   615.1  1090.6  5622.8 13005.5  67306.0    67201
read      328.6   381.4   148.8   190.5   200.3   277.4   328.1   361.2   389.1   428.3   484.4   568.0   839.9  5070.2 12876.4  85895.0    85927
read      337.9   311.6   148.8   190.9   201.2   281.9   342.9   387.2   423.1   466.8   522.2   595.6   855.4  4095.5  8703.0  63900.6    63953
read      483.8   855.0   160.7   202.4   213.8   337.0   440.0   507.6   559.5   624.0   738.0  1106.0  2206.6 11667.1 31502.5  31571.0    31595
read      369.7   533.4   148.8   193.1   204.1   270.9   325.4   367.2   401.8   447.8   510.7   681.5  2280.7  5048.6 19207.2  88067.0    87879
read      384.3   716.2   160.7   226.7   249.0   335.2   369.4   388.6   401.4   419.4   440.8   483.9  1479.8  9133.9 37324.2   7306.8     7287
read      338.4   256.1   148.8   193.7   204.9   283.4   356.1   403.4   436.7   474.4   520.5   592.8   795.6  2951.0  8569.5  62069.4    62295
read      566.0  1737.4   160.7   220.2   241.2   341.3   383.6   407.9   426.3   448.6   480.7   576.9  6872.5 30519.6 37094.0   6594.0     6561
read      526.5  1283.9   148.8   190.6   199.9   324.7   441.3   505.0   559.4   644.5   819.3  1019.2  5645.8 17286.8 37626.7  22643.8    22532
read      350.1   502.6   148.8   191.1   201.9   280.0   338.7   381.2   417.9   464.7   520.4   593.3  1277.1  6603.5 27345.5  60608.6    60653
read      346.4   432.5   148.8   191.8   202.9   283.6   345.1   390.8   428.4   474.4   529.6   600.5   909.1  5030.6 17395.2  59085.4    59076
read      350.1   406.5   148.8   192.4   203.7   286.0   348.7   395.5   434.5   482.3   538.5   616.2   956.6  4855.4 12858.0  60241.6    60154
read      487.4   990.5   148.8   190.1   199.0   317.2   432.4   493.2   542.2   620.0   795.7  1007.5  3612.3 10209.7 33831.4  22976.0    22964
read      590.1  1926.0   160.7   209.4   226.0   347.2   399.0   426.9   446.6   469.0   503.9   612.1  6437.6 32517.9 41554.6   8220.0     8172
read      364.6   322.9   148.8   198.9   211.4   321.1   396.2   434.7   460.2   488.7   522.8   576.5   826.3  4939.3 11980.6  27595.0    27652
read      344.2   213.0   148.8   195.1   207.0   303.6   382.7   425.7   453.9   483.9   519.0   573.3   698.4  2215.8  8444.9  37671.0    37594
read      359.0   287.9   148.8   202.9   215.8   328.6   399.4   431.3   452.0   473.2   500.9   543.8   733.0  3840.9 13219.6  24471.8    24367
read      346.9   211.8   148.8   197.4   209.2   307.2   385.6   427.8   454.7   483.1   517.1   571.5   698.9  2448.8  8846.6  33679.8    33771
read      317.0   217.0   148.8   192.6   203.2   264.2   317.2   361.5   396.0   437.5   490.5   576.0   821.7  2300.7  4942.8  84744.4    84944
read      316.2   256.9   148.8   192.3   202.8   262.7   314.8   358.0   392.4   434.3   487.7   575.0   821.0  2250.5  8143.9  85839.0    85666
read      345.9   275.7   148.8   195.5   206.8   290.3   369.5   420.1   455.3   492.9   536.9   604.7   771.9  2961.9  9287.4  51861.8    51918
read      355.2   228.4   148.8   198.7   210.6   310.8   397.9   444.1   472.7   503.6   539.7   590.4   704.3  2318.9  9124.7  34391.4    34406
read      356.1   349.0   148.8   201.3   213.2   318.9   401.5   441.0   465.4   492.0   523.3   569.4   680.6  2213.3 10112.0  28599.2    28664
read      351.0   533.5   148.8   197.6   209.2   303.1   385.8   430.6   460.0   491.5   529.4   588.5   739.5  2497.9 10694.0  38473.4    38289
read      365.0   424.0   160.7   205.5   219.2   339.3   405.3   436.1   456.4   477.7   502.4   540.9   672.7  4042.9 21897.2  20581.2    20658
read      368.0   338.3   160.7   209.9   223.7   351.3   402.2   429.0   446.6   464.7   488.1   522.9   731.1  4195.2 15275.0  13909.6    13840
read      350.0   376.6   148.8   194.1   205.4   285.8   341.1   375.3   405.0   447.2   507.7   616.3  1222.4  4631.5 12173.8  93471.8    93419
read      343.6   355.3   148.8   193.9   204.9   284.9   339.4   371.9   399.4   437.7   497.0   593.5  1139.4  4568.9  8860.1  98212.6    98284
read      358.9   368.5   148.8   195.2   206.5   292.6   357.3   399.8   436.1   482.9   545.5   640.7  1165.7  4496.7 10481.9  71534.6    71313
read      377.0   438.0   148.8   196.0   207.8   307.6   385.7   437.1   476.1   519.9   573.1   653.6  1097.0  5266.2 16232.7  42124.6    42089
read      363.8   333.6   148.8   194.7   206.4   302.3   378.2   429.3   467.7   511.2   564.8   641.4   987.6  4154.9 12185.8  46312.2    46458
read      367.0   347.4   148.8   196.5   208.2   310.2   395.9   443.8   476.3   509.7   547.5   609.4   906.7  4423.9 12071.4  30825.8    30755
read      369.8   353.2   148.8   196.2   207.9   306.6   385.6   437.0   475.6   519.1   570.1   643.4   990.0  4570.9 11465.9  42907.6    42889
read      346.5   439.2   148.8   193.5   204.3   281.7   335.4   368.3   396.5   436.1   495.4   589.2  1165.3  4697.7 13988.4  93365.2    93552
read      364.1   453.3   148.8   194.5   205.9   292.3   356.5   400.4   438.8   486.7   546.0   637.1  1235.5  4981.9 14751.5  65371.6    65694
read      370.8   276.3   148.8   198.0   210.1   318.4   405.1   452.5   483.2   515.8   554.2   619.8   911.4  3984.3  9069.0  29279.6    29574
read      367.9   379.6   148.8   195.2   207.3   306.4   379.1   428.5   466.4   511.4   567.3   648.1  1005.1  4712.6 10157.0  51287.4    51355
read      370.6   491.6   148.8   193.3   204.9   292.2   354.8   397.5   433.9   481.7   544.4   639.9  1521.3  6332.0 17666.9  67459.2    67361
read      368.6   305.4   160.7   207.0   220.6   349.0   406.9   437.7   456.4   475.9   499.5   537.0   749.5  3813.3 12410.6  16224.8    16287
read      345.8   355.4   148.8   193.5   204.6   286.0   342.9   379.0   410.1   453.5   512.3   604.1  1051.9  4424.5  8733.9  81635.4    81508
read      338.8   341.8   148.8   192.9   203.9   283.1   338.4   371.8   400.4   439.9   499.1   587.0  1014.7  4246.5  9255.8  87520.2    87619
read      342.7   389.0   148.8   194.2   205.2   282.6   337.1   370.0   397.5   435.5   494.6   592.6  1089.4  4602.4  9872.0  99044.2    99068
read      362.8   365.0   148.8   195.7   207.4   301.8   374.7   423.7   461.8   507.0   561.4   638.8   977.4  3983.3 12793.2  51228.4    51267
read      379.1   367.9   160.7   215.8   231.1   359.6   404.8   428.5   444.3   461.7   483.8   517.5   733.1  5791.1 14801.2  11891.2    11822
read      343.5   412.9   148.8   194.5   205.7   283.5   335.9   368.0   395.1   432.0   487.5   583.3  1099.0  4885.2 12426.6  97339.0    97494
read      345.2   494.9   148.8   193.9   205.1   282.4   335.3   368.0   395.7   434.2   491.9   586.9  1146.5  4855.0 10642.6  97350.4    97350
read      361.2   545.9   148.8   195.6   207.2   300.3   368.8   414.9   452.7   497.2   551.1   631.1   948.7  4583.8 10153.1  55315.8    55460
read      317.7   220.6   148.8   192.7   203.3   264.7   317.6   361.0   395.0   435.6   487.8   570.6   817.0  2653.5  7675.8  86132.6    85984
read      334.5   783.6   148.8   193.8   204.7   270.4   327.6   372.6   406.9   449.0   500.6   589.5  1006.0  3566.0  9690.9  81920.6    82043
read      367.5   797.0   148.8   195.9   207.7   301.1   376.0   424.5   462.1   505.9   560.1   639.9   997.3  4743.0 12473.4  52946.8    52873
read      376.5   876.9   160.7   208.0   222.1   352.0   402.4   427.8   444.5   462.4   484.6   516.1   778.3  5632.0 12618.4  13865.4    13911
read      354.4   649.7   148.8   194.3   205.9   294.8   367.3   417.8   455.7   499.5   550.2   624.6   927.2  3484.2  8150.9  49891.4    49984
read      372.0   517.3   160.7   220.0   239.4   346.7   385.3   404.4   419.3   434.3   455.8   487.9   666.9  5428.4 29868.8   9324.6     9274
read      377.8   332.3   148.8   199.0   211.8   326.8   410.5   454.9   483.6   513.6   547.8   607.2   981.3  4182.2 12508.7  27106.0    27187
read      376.5   364.7   160.7   204.5   218.1   348.5   416.0   450.2   471.0   493.5   519.6   561.0   802.3  3791.7 13240.7  18742.4    18735
read      340.1   916.9   148.8   193.4   204.5   282.1   333.2   366.7   395.5   435.4   494.1   581.3   950.0  5134.2 12273.2  86746.4    86505
read      349.1  1436.3   148.8   194.1   205.9   287.0   338.8   372.2   400.4   439.0   494.5   584.7   986.0  4352.2 15892.5  93134.2    93039
read      344.5  1054.6   148.8   193.3   204.9   287.2   341.9   379.8   412.8   456.8   513.5   595.0   935.0  3807.3 12649.4  75898.6    75999
read      373.9   369.7   148.8   195.9   208.3   312.1   401.8   452.5   485.8   521.0   561.8   625.8   991.1  4618.6 12766.6  32368.2    32324
read      332.0   367.8   148.8   192.1   203.1   280.4   331.3   365.4   394.9   435.3   492.3   574.1   863.2  4610.5 12320.6  84175.8    84255
read      334.2   423.5   148.8   192.3   203.6   282.8   335.9   371.0   402.2   447.0   505.8   590.3   920.5  3894.1  7431.4  81756.8    81759
read      358.8   289.0   148.8   192.6   204.1   299.0   384.6   437.2   471.9   510.4   551.3   615.5   873.9  3789.2  9794.0  37294.4    37291
read      352.5   429.0   148.8   192.1   203.4   290.7   359.1   407.6   446.2   490.9   543.0   619.2   901.3  4188.4 15833.0  53980.2    53818
read      358.4   260.1   148.8   195.0   206.7   307.9   393.9   441.0   472.2   503.6   539.6   595.4   834.2  2763.5  9465.7  30395.8    30297
read      359.9   264.8   148.8   195.2   206.8   306.5   395.2   443.3   475.5   507.9   544.8   603.6   830.5  3322.0  8667.4  31663.8    31569
read      375.1   778.5   148.8   195.6   207.6   307.1   394.8   447.8   485.0   526.1   575.0   650.6  1045.5  3644.9 14908.5  39086.4    38927
read      370.9   361.3   160.7   216.7   233.8   351.0   393.0   414.9   430.0   447.7   467.5   503.3   742.0  4500.2 15340.2  10630.2    10652
read      336.9  1269.2   148.8   193.7   204.8   282.1   330.7   361.1   386.3   422.2   476.0   564.8   886.1  4675.0 14819.6  97959.0    98119
read      393.4  2377.7   148.8   196.3   208.1   301.2   373.1   422.2   459.2   501.6   549.9   624.5   989.1  5884.7 207451.3  48188.8    48176
read      400.2  2508.2   148.8   198.1   210.2   314.0   396.9   446.3   479.6   514.9   555.8   621.3   891.5  4066.9 211183.1  35026.4    34929
read      365.7  1514.1   148.8   194.7   206.2   288.8   346.2   389.3   425.2   470.4   528.7   611.0  1138.6  5663.1 22324.0  69787.0    69735
read      388.5  1719.2   160.7   204.4   217.8   342.6   417.5   454.6   477.4   500.4   529.1   574.4   881.2  4047.9 11758.9  20904.0    20753
read      334.9   636.1   148.8   193.5   204.8   281.2   332.8   367.1   396.7   438.0   497.4   583.5   968.7  4070.6  9386.4  84702.0    84642
read      374.7   899.0   148.8   197.2   209.1   301.7   382.6   434.8   472.2   514.3   563.3   638.6  1053.3  5040.3 19228.4  42347.8    42333
read      346.1   325.0   148.8   193.7   204.9   288.4   349.2   394.5   431.6   478.2   535.1   609.9   895.8  4553.5  9708.9  61789.4    61587
read      335.8   288.6   148.8   192.7   203.7   284.0   339.0   375.6   407.7   452.4   510.0   591.2   909.8  4012.2  8141.6  77955.0    77998
read      325.7   312.0   148.8   192.2   203.1   278.9   327.3   357.8   383.1   419.7   473.7   562.8   873.6  4303.3  9770.4  97791.0    97625
read      368.9   427.2   148.8   196.2   208.2   320.9   401.6   441.6   466.2   491.6   520.7   567.3   949.3  5988.7 14004.0  23705.0    23781
read      338.6   341.9   148.8   191.3   201.8   283.9   340.5   381.4   417.0   462.1   519.7   592.1   933.3  4304.7  9349.0  66822.0    66723
read      356.1   335.3   148.8   192.4   203.5   299.7   385.9   432.2   464.0   496.4   532.7   586.9   874.6  3821.7  9858.8  31113.8    31016
read      348.8   278.8   148.8   191.8   202.6   291.1   364.8   415.9   453.9   497.1   545.1   614.2   864.4  3516.6 10074.0  47299.8    47394
read      332.4   388.8   148.8   192.0   202.8   279.9   329.5   360.6   387.1   425.5   482.3   573.0   971.5  4583.7 16770.4  95408.2    95335
read      346.2   376.9   160.7   236.0   255.8   316.0   341.9   356.5   366.4   377.5   395.3   426.2   721.0  7130.7 14152.2   5271.8     5252
read      339.2   287.8   148.8   192.4   203.4   288.6   346.2   385.4   418.3   461.5   516.6   591.1   867.3  3718.6  8793.4  65921.6    65908
read      364.7   397.3   148.8   202.2   214.3   340.8   400.5   430.1   449.1   468.4   493.4   531.3   789.6  4518.4 12207.6  16961.2    16889
read      365.5   423.6   148.8   192.9   204.6   299.5   378.4   429.0   465.3   506.8   554.2   631.4   963.5  5267.5 14524.0  42848.2    42912
read      322.3   342.7   148.8   190.6   200.9   276.2   322.7   351.2   374.8   410.2   463.1   546.6   876.5  4391.8  8259.6  99780.4    99898
read      361.3   254.6   148.8   195.9   207.8   315.5   401.9   445.9   472.8   500.9   534.8   586.9   841.3  3555.3  9377.7  26306.0    26385
read      359.9   320.7   148.8   196.3   208.3   323.3   400.0   437.9   460.9   484.6   508.9   548.6   748.9  3958.5 10492.2  22499.8    22616
read      348.9   367.8   148.8   192.0   202.8   288.7   357.3   405.9   444.3   488.6   537.8   606.0   867.8  4284.6 16586.7  50706.4    50605
read      327.9   309.2   148.8   191.5   201.7   276.9   327.5   359.0   385.8   424.9   482.4   569.7   915.8  4411.7  9369.8  90221.6    90283
read      359.3   315.5   148.8   194.8   206.6   312.4   394.4   436.8   463.8   491.5   523.3   573.7   830.2  4432.0 10235.7  26228.0    26273
read      347.4   305.5   148.8   191.3   202.2   288.9   361.6   412.1   450.1   493.3   541.9   610.6   879.6  3356.5 10744.3  48438.8    48521
read      359.8   249.8   148.8   193.6   205.2   303.2   392.9   443.5   477.6   513.3   553.0   618.6   884.2  3175.9  7159.8  34046.0    34058
read      334.3   326.5   148.8   192.0   202.8   282.2   336.8   373.7   406.1   450.7   506.1   582.7   853.6  4969.1  8664.0  75428.6    75648
read      356.4   267.3   148.8   198.8   210.8   333.0   400.6   435.2   456.0   477.7   502.3   540.7   711.8  2735.6  9675.7  19601.6    19482
read      369.2   386.3   160.7   204.6   217.4   345.2   400.3   428.1   445.6   463.3   487.0   525.4   860.1  5644.7 12439.2  14982.2    15054
read      351.2   388.3   148.8   192.9   204.1   287.6   345.0   385.0   419.1   464.7   525.2   616.9  1130.9  4759.9 15075.2  75814.6    75754
read      348.4   349.4   173.5   235.4   256.8   319.1   345.4   360.2   369.6   382.2   398.4   430.1   644.4  5760.8 10621.9   5100.4     5187
read      376.9   303.1   160.7   207.4   223.6   348.8   411.6   444.6   464.4   486.6   510.2   549.0   854.4  4683.8 14754.7  17668.6    17656
read      342.9   425.0   148.8   194.6   205.8   287.0   340.2   372.7   400.6   439.7   499.1   592.3  1033.5  4689.2 18265.1  96164.2    96343
read      362.3   387.5   148.8   193.2   204.5   297.0   384.2   436.8   471.5   508.7   547.3   608.5   934.2  4373.2 12457.3  36710.2    36665
read      329.2   281.3   148.8   191.8   202.6   279.1   330.1   364.0   393.8   435.3   494.8   578.5   898.6  4256.8  8363.8  85372.6    85269
read      365.7   394.1   148.8   193.8   205.4   304.9   394.0   443.8   476.2   508.2   542.9   593.8   887.9  4709.8 17930.1  31451.6    31525
read      345.7   347.1   148.8   192.2   203.2   286.5   346.8   392.4   429.5   475.2   531.6   604.5   949.3  4561.0  8801.2  61814.6    61798
read      358.9   268.7   160.7   208.9   223.7   344.1   389.9   413.1   428.6   446.6   467.5   501.8   661.3  3821.0 10474.0  12228.0    12253
read      364.1   254.2   160.7   197.4   210.1   323.2   400.9   442.8   471.1   498.9   532.1   583.2   825.9  3172.4  8586.9  25749.0    25710
read      334.4   326.0   148.8   191.8   202.7   282.5   336.4   371.8   402.4   445.7   503.5   585.8   920.8  4523.0 10088.7  80055.2    79937
read      356.8   383.3   160.7   228.0   248.9   328.2   361.5   378.1   390.4   402.7   422.8   454.5   675.1  5800.2 14383.2   7222.0     7271
read      338.8   412.2   148.8   191.7   202.8   282.4   335.5   369.8   399.1   439.8   497.9   586.0   922.6  5649.5 12784.2  85650.6    85861
read      333.0   388.4   148.8   191.5   202.5   281.8   332.7   365.6   392.8   430.4   487.3   575.0   880.2  5234.2 15653.8  91114.8    91467
read      345.8   407.3   148.8   191.7   202.8   284.5   340.8   380.1   414.3   460.2   518.8   598.1  1014.5  5208.7 12711.5  72093.2    72217
read      359.9   314.8   148.8   193.5   205.5   307.3   393.4   440.1   471.8   504.1   540.0   592.9   820.2  3349.9 10042.8  31107.0    31080
read      344.6   370.3   148.8   192.1   203.4   285.2   341.4   379.7   413.2   459.0   520.6   607.2  1007.6  5279.0 10478.3  76703.4    76878
read      340.9   344.2   148.8   192.9   204.0   285.7   341.1   376.9   407.7   451.8   510.1   597.7   984.0  4960.1  9479.1  84490.6    84584
read      365.7   330.7   160.7   209.4   224.4   347.0   393.7   417.3   432.2   450.5   470.2   504.4   734.8  4872.5 14930.9  12480.6    12492
read      342.2   296.5   148.8   191.7   202.6   286.6   348.5   394.1   431.1   477.1   531.9   604.5   863.1  3527.2  9832.6  57034.8    57106
read      328.2   358.9   148.8   191.7   202.5   280.4   330.1   360.7   386.4   422.7   474.7   559.5   824.4  5424.2 10953.2  96192.8    96245
read      360.3   490.8   160.7   229.1   250.9   328.6   361.2   377.5   390.2   402.8   424.1   457.7   790.5  5826.1 28766.8   6835.2     6791
read      331.2   303.3   148.8   192.3   203.5   283.4   334.3   366.8   394.7   433.7   490.6   576.5   918.2  4174.3  8960.1  90619.2    90728
read      353.5   597.6   173.5   236.9   256.6   317.4   345.1   360.5   370.3   383.4   399.3   430.4   631.6  7134.0 32170.0   5176.4     5151
read      333.5   417.5   148.8   191.9   202.5   279.4   331.8   365.4   394.2   434.6   492.5   571.8   894.9  5277.6 16432.5  83002.4    82969
read      356.7   498.2   148.8   192.1   203.0   291.0   367.4   418.8   456.0   496.8   540.8   599.7   861.8  4453.5 29480.2  42553.0    42635
read      328.8   325.9   148.8   192.7   203.6   281.5   331.1   361.4   386.6   422.9   477.0   565.4   896.7  4173.4  9731.9  99447.2    99337
read      329.9   307.8   148.8   192.6   203.6   281.1   331.0   362.8   389.6   427.7   483.8   570.1   909.2  4251.1  9301.9  95079.6    95192
read      352.0   410.1   148.8   192.7   203.8   286.6   345.7   389.0   426.0   472.6   532.2   614.6  1147.3  4904.4 14403.0  69425.2    69200
read      348.5   358.9   148.8   191.8   202.5   287.8   356.5   404.8   442.2   486.5   535.5   601.3   892.7  3936.0 12776.3  49625.8    49459
read      363.6   306.9   148.8   195.2   207.1   310.3   398.8   445.1   475.5   506.3   542.1   596.3   894.0  3549.4  9060.3  29232.0    29055
read      343.0   319.4   148.8   191.9   203.0   287.6   348.5   392.4   429.0   474.7   531.5   605.8   894.1  3813.7  9395.5  64230.6    64324
read      355.4   356.7   160.7   235.6   257.1   325.0   354.7   369.8   381.5   395.6   414.6   450.2   860.6  6303.2 15118.8   5732.0     5705
read      351.6   451.8   148.8   190.8   200.9   276.8   329.5   363.2   392.0   431.7   488.5   579.6  2053.7  4983.3 11575.1  84736.0    84816
read      421.9   500.6   148.8   198.3   211.1   342.7   435.3   483.9   516.2   558.1   623.6   770.3  1828.7  5982.5 19053.5  23800.0    23714
read      439.0   780.6   148.8   191.2   201.8   280.1   339.5   384.6   426.5   482.7   564.8   850.1  3964.3  8033.5 30313.9  74037.4    74116
read      454.1   869.7   148.8   203.1   216.3   355.0   441.8   485.7   516.4   557.5   625.0   765.8  2731.8 11961.5 33965.4  19784.4    19948
read      413.6   621.2   148.8   193.7   205.5   306.0   396.6   452.7   494.6   543.7   615.4   793.6  1834.5  7968.4 30256.5  44238.8    44213
read      431.3   642.9   148.8   203.0   215.7   353.8   435.9   477.1   504.9   540.3   592.1   713.8  2067.6  6777.2 31729.2  19320.0    19454
read      401.8   722.0   160.7   223.9   245.8   344.0   384.9   407.0   424.9   445.1   470.4   523.1  1950.3  7889.2 31460.6   7297.6     7190
read      482.6   859.4   148.8   193.2   204.5   298.6   389.1   451.9   499.1   561.0   683.2  1168.4  3963.1  9270.0 31630.0  47589.2    47657
read      420.1   639.4   148.8   191.8   203.0   300.9   390.4   446.9   489.4   539.1   611.9   817.7  2807.5  8307.5 28180.1  44143.2    44399
read      430.1  1048.6   160.7   227.4   250.2   340.7   378.2   399.0   415.3   434.2   461.9   513.2  2922.3 12522.6 40222.8   6493.2     6481
read      413.3  1033.0   160.7   230.6   252.7   332.3   367.8   387.6   401.1   420.2   445.1   499.1  2594.0 12122.5 39496.9   5829.2     5807
read      355.8   476.7   148.8   191.7   202.8   282.5   337.7   374.4   406.7   452.5   514.0   614.3  1387.9  5526.3 13009.8  83090.0    83137
read      420.2   800.3   160.7   212.9   231.2   354.0   402.3   429.8   449.4   470.5   503.2   564.9  2573.9  7551.4 32379.7   9559.8     9580
read      413.4   611.1   148.8   193.3   205.1   313.5   402.6   457.1   496.1   541.5   610.8   779.5  1870.3  5741.1 30414.9  37261.6    37385
read      417.2   631.1   148.8   193.5   205.3   319.2   411.7   464.8   501.0   542.6   605.3   749.5  1987.2  8191.9 29800.4  33666.6    33706
read      423.9   623.3   148.8   193.5   204.8   311.4   405.9   464.1   504.1   552.0   631.5   872.1  1842.4  7666.4 28281.1  34932.6    35204
read      477.3   839.7   148.8   191.8   202.5   289.4   371.6   434.1   483.2   544.0   653.7  1214.9  3980.0  7908.1 30817.2  50421.8    50438
read      440.5   794.5   148.8   191.6   202.3   293.0   372.7   427.7   469.2   520.0   590.2   833.4  3880.6  8327.0 31680.6  48808.4    48878
read      437.2   647.4   148.8   193.4   204.5   303.0   395.5   454.1   498.1   550.7   641.6   924.5  3702.0  6004.9 24954.4  42519.4    42682
read      426.2   602.3   148.8   194.5   206.3   325.6   418.7   470.9   506.3   550.3   626.1   837.3  2257.1  6842.1 29252.4  27546.8    27416
read      500.6   940.7   148.8   192.4   203.2   285.8   353.9   407.9   457.8   524.9   646.4  1479.5  4030.7  8522.7 32433.6  64406.8    64424
read      535.9  1029.1   148.8   192.3   203.3   285.6   351.5   405.6   458.1   527.7   666.9  2014.1  4070.1  8754.9 32392.0  64281.6    64364
read      401.8   849.8   160.7   233.7   256.7   332.5   365.3   383.6   396.7   413.6   435.9   483.9  2751.1 12116.3 31821.3   5501.4     5481
read      438.8   669.0   148.8   197.8   210.3   338.9   428.7   479.7   514.6   560.0   636.0   830.6  2491.1  7718.0 31095.0  26305.6    26227
read      423.0   535.4   148.8   195.3   207.4   330.2   422.1   474.0   508.7   551.5   625.4   824.8  2029.4  5592.7 20035.6  26606.2    26586
read      354.9   451.7   148.8   191.5   202.3   280.1   332.7   367.2   397.2   439.4   500.0   596.8  1804.6  5217.4 10136.8  86448.2    86286
read      413.6   511.0   148.8   197.3   209.9   340.7   428.6   476.5   507.8   546.8   608.7   750.2  1529.2  5620.8 18808.4  24481.4    24452
read      428.0   663.0   148.8   195.6   207.8   329.2   418.7   471.0   506.5   548.7   620.8   810.0  1933.1  7610.2 30890.9  26982.8    26832
read      420.1   609.8   148.8   194.9   206.7   323.4   412.0   465.7   502.3   547.1   625.6   841.9  1608.1  6332.3 30781.4  29915.2    29795
read      412.8   768.6   148.8   191.9   202.7   297.1   385.5   439.5   479.2   526.0   589.0   750.2  2205.3  8528.4 31762.7  46125.4    46224
read      357.0   499.5   148.8   191.5   202.2   277.9   332.6   368.3   398.8   442.3   503.1   602.0  1877.0  5480.3 17913.6  84541.4    84587
read      389.5   541.4   148.8   194.2   205.3   287.7   356.0   405.6   447.8   497.9   559.6   675.7  2856.9  5365.9 17718.1  63375.6    63389
read      358.0   302.5   148.8   193.1   204.6   294.2   375.3   431.0   469.7   511.8   560.1   630.2   909.1  4507.4  8465.5  46953.2    46953
read      329.3   325.3   148.8   191.9   202.4   279.3   329.3   361.0   387.5   425.4   480.3   566.1   921.7  4663.6 10237.6  90527.4    90536
read      368.9   268.2   160.7   209.0   223.6   351.7   400.5   425.9   442.8   461.6   485.6   524.9   918.0  3361.5  9670.7  12599.8    12508
read      365.3   306.9   148.8   194.5   206.0   302.0   386.2   437.8   474.6   514.6   560.4   631.1  1026.9  3728.9  8258.2  38537.0    38491
read      322.2   332.7   148.8   191.2   201.5   275.8   324.5   354.3   378.5   414.1   468.4   553.6   886.1  4054.3  9674.8  97613.0    97806
read      384.6   556.4   160.7   209.9   225.3   351.0   397.4   421.9   437.9   457.3   480.3   521.2   909.2  7330.9 30834.6  11818.6    11813
read      370.9   395.5   148.8   193.0   204.5   300.5   382.9   435.0   471.4   510.9   555.6   627.6  1137.4  5013.4  9409.7  39668.8    39665
read      372.2   419.5   148.8   193.9   205.4   298.2   372.0   422.2   461.8   507.7   564.4   651.5  1207.8  5287.2 12127.6  53534.0    53571
read      344.9   374.8   148.8   191.4   202.1   284.3   343.2   386.3   423.3   470.0   527.2   596.8   881.6  4965.1 11977.8  63452.0    63215
read      323.6   305.9   148.8   192.7   203.9   273.5   324.3   363.0   394.9   434.4   484.0   551.8   843.0  3526.7  8741.9  78608.4    78767
read      342.5   339.0   160.7   227.5   249.6   331.5   361.1   375.5   386.8   398.0   413.4   434.8   501.8  3891.4 15464.2   8675.2     8615
read      314.6   202.5   148.8   196.2   207.8   281.7   334.7   371.1   399.4   432.2   469.1   514.0   589.9  1065.9  7842.1  67736.8    67903
read      346.7   209.8   160.7   209.7   225.8   343.0   387.9   407.4   420.6   433.9   452.8   476.1   538.5  2424.5  8443.6  16389.8    16398
read      322.1   171.2   148.8   195.3   207.1   285.4   346.2   389.4   420.4   453.2   487.3   528.7   606.8  1531.4  6505.6  53483.6    53434
read      328.9   187.3   148.8   195.5   207.6   298.1   368.0   408.2   434.1   458.6   485.0   517.5   584.2  1380.3  8337.6  38171.6    38068
read      347.5   340.1   160.7   223.3   244.2   332.2   363.5   378.6   389.5   400.5   417.3   439.2   515.9  5227.8 13547.2   9111.2     9130
read      312.4   176.0   148.8   195.6   207.1   278.5   330.1   367.4   396.4   430.2   468.0   512.9   587.7  1264.5  5502.4  69082.4    69227
read      332.2   193.6   148.8   196.0   208.1   298.0   371.2   414.0   440.2   466.1   493.4   528.8   593.0  1514.6  7949.8  37537.8    37496
read      296.3   136.5   148.8   192.4   203.5   264.0   304.7   336.6   365.0   401.9   448.4   501.3   579.3   897.3  4411.1  83921.8    83925
read      320.1   187.0   148.8   193.1   204.8   281.9   343.8   390.2   422.9   456.3   490.6   531.8   596.3  1342.2  8314.1  51313.4    51037
read      332.1   145.1   148.8   197.0   209.6   303.8   379.1   417.5   440.5   462.4   486.9   516.7   577.0   823.4  5547.1  33860.2    33690
read      314.3   176.7   148.8   192.5   203.7   277.8   338.7   381.9   413.4   446.0   477.9   514.5   579.8   914.8  8642.5  51631.0    51474
read      297.9   137.6   148.8   191.6   202.6   264.7   309.7   344.3   374.4   411.0   452.0   497.6   567.9   859.3  5005.5  73807.2    73708
read      287.9   177.1   148.8   193.7   204.5   259.9   293.5   317.9   340.2   371.0   414.6   470.3   551.9  1069.7  6651.1  98529.8    98618
read      299.1   136.2   148.8   193.8   204.9   265.8   307.5   340.2   369.9   408.0   454.2   504.7   580.4   900.9  4735.9  81807.4    81977
read      291.7   146.6   148.8   193.1   204.1   262.5   298.8   326.2   351.0   385.8   430.5   486.8   570.4   833.7  6514.1  91333.6    91567
read      322.0   209.2   148.8   194.5   206.1   284.7   348.6   395.6   426.3   456.8   488.2   526.1   590.2  1069.9  8055.4  48222.8    48236
read      291.9   133.0   148.8   193.4   204.5   263.0   298.9   326.3   350.4   384.7   429.8   486.1   568.0   987.6  6163.3  91914.6    91726
read      320.3   159.9   148.8   194.8   206.5   281.5   343.8   391.6   425.2   458.6   492.2   532.0   593.0  1013.3  6365.5  52397.4    52458
read      309.9   384.7   148.8   194.5   206.0   272.8   320.9   360.7   392.8   431.0   473.8   521.6   589.5  1210.7  6162.8  70466.0    70467
read      305.0   133.3   148.8   192.7   203.9   269.3   317.5   356.7   389.2   427.8   469.5   517.0   588.2  1006.8  4062.2  70998.2    71151
read      307.7   179.0   148.8   192.5   203.6   270.5   322.4   363.8   395.6   432.1   471.2   514.7   584.6  1150.1  7611.2  65006.0    65016
read      327.8   193.8   148.8   196.2   207.9   291.6   361.1   406.0   435.0   462.4   491.2   527.5   592.0  1344.5  7976.2  42107.8    42057
read      305.7   166.2   148.8   196.8   208.5   272.4   315.2   348.6   378.3   415.1   459.0   508.9   584.1  1034.9  6549.8  78627.2    78821
read      318.8   144.1   148.8   199.2   210.7   282.1   336.8   380.0   413.7   450.5   488.1   531.0   595.0   961.0  5339.2  60877.6    60720
read      337.4   237.5   148.8   200.9   213.0   300.7   372.8   418.0   445.9   473.3   501.1   536.6   593.3  1368.5 12063.3  39822.0    39911
read      350.2   271.3   160.7   223.0   242.3   346.2   379.4   395.7   406.4   420.6   434.9   461.7   520.0  2537.4 12710.2  10579.6    10628
read      309.9   135.2   148.8   196.4   207.8   277.8   326.5   362.7   391.5   425.9   465.4   512.3   586.7  1066.2  4029.3  73616.2    73736
read      344.6   292.1   160.7   231.9   253.7   331.0   360.0   373.6   384.6   395.8   409.9   433.8   504.0  4246.1 13260.8   7328.8     7334
read      292.0   154.9   148.8   194.0   204.9   263.5   299.7   327.1   350.7   383.3   426.5   481.1   561.0   993.0  4611.3  91666.4    91868
read      305.6   496.6   148.8   194.4   205.5   268.3   312.8   348.8   382.8   423.9   469.1   521.8   594.7   861.2  7178.7  76561.8    76670
read      354.0   236.9   160.7   221.2   240.8   347.9   382.1   398.4   410.3   424.8   441.3   467.9   538.8  3998.3  8756.5  10415.2    10405
read      351.9   162.3   148.8   204.3   219.4   342.4   399.0   427.6   446.0   464.7   487.3   515.7   581.3  1389.5  7673.4  25905.6    26019
read      330.0   164.6   137.8   197.9   210.3   299.4   363.3   399.7   426.5   456.3   489.2   529.9   598.6  1253.8  6291.7  55539.2    55530
read      345.1   197.9   148.8   200.5   214.3   329.9   390.7   423.0   443.8   464.4   488.3   518.2   582.5  1108.3  8209.4  29568.4    29615
read      314.6   142.2   148.8   195.5   207.3   282.7   336.8   374.5   403.1   436.1   472.5   516.4   586.6   915.9  4339.5  66128.8    66057
read      318.5   201.1   148.8   194.0   205.8   283.7   343.0   384.5   414.7   447.5   481.3   519.8   584.9   955.7  7071.6  55318.2    55281
read      343.1   171.3   148.8   206.3   221.0   333.1   389.4   414.3   429.9   446.9   465.0   493.0   545.1  1319.0  8068.5  21172.0    21177
read      288.7   154.1   148.8   191.5   202.2   258.8   295.4   323.3   348.9   383.3   426.8   478.7   550.4   929.0  4357.9  88288.0    88239
read      302.6   186.9   148.8   192.0   203.1   266.7   313.3   349.8   380.9   417.7   457.8   502.6   572.7  1316.4  7981.9  70344.2    70227
read      339.1   214.5   148.8   203.1   215.8   322.7   388.1   416.0   432.8   450.3   468.1   496.9   547.5  1165.0 10117.6  23425.8    23421
read      285.9   136.5   148.8   193.1   203.8   258.4   292.5   317.2   339.9   370.9   414.1   468.2   548.9   898.1  5354.4  97214.2    97104
read      335.9   326.4   160.7   233.7   253.3   317.2   343.1   357.2   366.5   376.4   392.2   413.5   482.6  7551.3 11277.5   6155.0     6235
read      326.7   155.9   148.8   198.8   211.0   297.1   358.5   394.8   420.3   448.7   480.3   519.4   587.9  1531.6  6306.4  57879.0    58045
read      347.9   206.8   148.8   203.5   218.2   336.1   393.2   421.1   438.5   456.2   475.1   503.0   561.1  1619.1  9050.2  23782.8    23729
read      330.1   192.8   148.8   195.6   207.9   305.7   368.6   403.4   428.5   454.2   481.5   513.7   577.7  1311.6  8379.0  41053.6    40897
read      319.3   142.5   148.8   193.8   205.5   287.0   350.0   389.3   417.8   449.2   481.9   521.1   587.3   925.6  5049.4  53258.4    53312
read      292.0   145.3   148.8   191.9   202.8   260.8   298.6   328.6   354.8   389.6   434.1   488.3   564.2  1103.0  6707.6  87231.4    87262
read      293.8   152.3   148.8   191.2   202.0   261.8   302.3   334.6   362.5   398.2   441.7   492.5   561.3   902.1  5750.5  81801.4    81836
read      289.5   145.9   148.8   192.1   203.0   259.9   295.5   322.2   346.5   380.7   425.5   479.6   553.4  1157.4  6887.1  92333.4    92274
read      314.9   158.1   148.8   192.1   203.5   281.4   343.0   385.6   414.9   444.2   473.3   507.4   571.8  1200.8  8170.3  47138.8    47252
read      300.2   147.6   148.8   192.3   203.4   265.9   310.6   345.3   376.1   413.9   457.5   505.1   579.0  1025.4  5905.8  75731.0    75747
read      297.4   148.4   148.8   192.4   203.5   264.7   305.9   338.6   368.5   405.9   451.2   502.3   578.8   927.0  4847.6  80743.8    80994
read      284.2   135.3   148.8   191.7   202.6   256.3   290.4   315.1   337.3   368.2   410.9   466.2   544.8  1096.4  5473.9  98146.2    98224
read      339.5   295.9   160.7   230.1   251.4   324.8   352.4   366.0   374.4   387.5   400.6   425.3   494.9  4959.3 11323.9   7736.2     7737
read      340.2   159.5   148.8   200.2   213.5   325.3   383.8   415.0   436.3   458.7   484.0   516.3   580.0  1012.5  7687.6  37490.2    37514
read      353.9   290.5   148.8   226.1   250.6   340.9   374.8   392.3   403.3   418.3   434.0   463.3   540.9  3666.1 13641.6  10595.2    10640
read      290.0   151.5   148.8   192.6   203.5   261.3   298.2   326.0   349.9   382.2   423.7   474.9   547.9  1075.9  4986.3  90508.6    90490
read      288.8   159.2   148.8   192.1   202.9   259.3   294.7   321.1   345.5   379.9   424.5   479.6   555.1   954.7  5958.4  92282.2    92514
read      292.4   153.2   148.8   193.0   204.1   262.0   298.4   327.4   353.0   388.3   433.7   488.3   567.4  1194.3  4521.5  89060.4    89245
read      299.1   153.2   148.8   192.2   203.3   265.8   310.6   345.2   375.0   411.9   454.3   500.5   567.7   947.0  4647.8  73728.4    73823
read      318.9   164.5   148.8   193.6   205.2   284.3   346.8   390.9   421.0   450.9   481.1   516.0   580.8   984.3  7577.0  46649.8    46565
read      335.5   202.7   148.8   203.9   217.1   322.3   378.9   403.1   418.5   433.8   453.5   477.4   538.0  2826.4  8505.2  21502.2    21419
read      302.2   171.8   148.8   191.1   202.0   267.0   316.2   353.5   383.7   419.5   459.2   501.2   568.5  1106.5  8287.0  66820.6    66915
read      329.7   204.0   148.8   197.0   209.3   303.9   371.5   406.8   428.4   449.7   470.8   501.1   561.1  1352.7  9058.6  31710.8    31667
read      303.8   145.9   148.8   193.8   205.2   270.4   316.6   352.5   381.9   417.7   459.7   505.5   576.0  1190.2  4299.8  72598.8    72255
read      284.0   143.1   148.8   192.6   203.3   257.5   291.4   315.9   337.6   367.1   407.8   462.8   540.1   747.6  5457.3  99601.8    99535
read      337.6   258.6   160.7   223.5   244.2   328.5   358.3   372.6   383.3   394.6   407.4   431.3   488.5  4020.3  9794.0   9208.6     9226
read      310.0   132.8   148.8   195.6   207.1   281.4   333.0   367.0   392.9   423.7   458.9   499.7   564.7   995.1  4408.0  67818.4    67844
read      305.8   182.6   148.8   194.1   205.3   270.8   318.1   355.2   385.1   421.2   462.5   508.1   577.8  1324.4  8079.5  71584.0    71413
read      284.2   142.7   148.8   192.5   203.2   256.6   290.8   315.9   338.6   369.5   411.7   466.9   543.2   834.2  4847.8  97401.8    97328
read      316.7   183.0   148.8   194.4   205.9   279.9   338.9   381.2   412.5   446.3   481.3   520.3   584.3  1385.4  8304.0  55442.6    55113
read      317.6   181.5   148.8   193.0   204.4   277.9   340.0   384.6   417.5   452.0   486.9   527.2   593.2  1626.9  7885.2  53583.4    53743
read      345.7   237.3   148.8   211.3   226.8   340.2   384.0   403.5   416.8   430.3   448.0   469.8   532.2  3132.7 12535.4  15181.4    15253
read      287.2   142.7   148.8   191.8   202.6   258.7   295.0   321.6   345.8   379.0   421.4   472.7   547.2   800.6  4906.6  90538.2    90605
read      340.7   229.3   148.8   202.1   214.6   320.0   390.0   420.8   439.6   457.6   477.5   504.7   555.0  1231.3  9159.5  25699.4    25767
read      290.5   156.5   148.8   193.8   204.7   262.0   296.6   322.8   346.2   379.2   423.2   478.7   555.3   995.4  5766.6  93594.4    93458
read      288.9   141.6   148.8   193.0   203.9   260.8   295.5   321.2   344.9   377.1   421.7   477.4   554.0   945.6  5097.8  95152.4    95080
read      293.6   164.9   148.8   193.4   204.3   262.6   300.2   329.9   356.5   391.9   436.6   491.5   570.1   913.6  4519.3  88533.8    88399
read      289.8   148.1   148.8   193.4   204.4   261.5   295.7   320.8   344.3   376.5   421.6   479.5   569.2   976.7  5546.2  95693.4    95681
read      331.3   211.7   148.8   197.3   209.8   305.0   374.2   410.9   433.8   455.8   479.1   507.0   560.8   874.1  7619.1  33176.0    33003
read      283.8   156.5   148.8   191.4   202.1   256.5   290.4   314.8   336.4   365.8   406.6   463.1   544.3  1140.4  7842.7  98818.0    98809
read      307.8   177.3   148.8   192.6   203.9   271.2   322.2   362.7   394.1   430.8   469.6   509.7   580.0  1362.2  6811.5  64509.8    64610
read      312.5   149.4   148.8   191.9   203.2   277.6   338.4   380.7   411.4   443.9   476.0   511.3   571.0   796.5  4645.1  51183.2    51183
read      339.2   186.7   148.8   205.2   219.4   329.0   385.2   409.6   424.5   440.1   458.8   483.9   536.3  1361.2  8953.7  20141.2    20194
read      347.5   342.0   160.7   236.8   259.3   331.1   358.5   372.3   383.1   394.8   408.5   432.0   505.6  4069.8 13526.5   7636.0     7602
read      335.7   154.8   148.8   202.1   214.8   315.6   375.0   406.8   429.9   454.5   482.0   517.5   585.8   998.3  6367.3  46744.6    46677
read      343.1   334.1   173.5   244.7   262.4   319.0   342.4   355.4   364.2   373.0   388.9   410.0   530.9  5725.5 10865.4   5548.0     5577
read      352.8   229.5   148.8   207.4   224.4   342.9   391.1   415.9   431.9   449.7   468.5   498.9   554.1  1766.9 12123.6  22904.8    23035
read      327.2   162.5   148.8   199.2   211.5   299.6   359.6   393.9   418.8   447.2   479.3   518.0   585.5  1155.6  7544.6  57638.6    57516
read      319.2   173.7   148.8   196.6   208.4   286.4   342.9   381.2   409.2   442.0   477.6   520.5   590.3  1066.9  7028.4  62737.6    62851
read      329.7   169.8   148.8   195.7   207.9   304.1   368.7   406.8   432.0   456.1   481.8   512.1   573.8  1412.6  8094.0  38449.4    38431
read      338.4   193.4   148.8   200.1   213.7   323.1   384.5   414.7   433.2   452.2   471.4   500.5   549.6   867.8  8517.4  25866.6    25729
read      344.7   273.3   148.8   204.7   220.5   332.0   383.3   406.8   421.6   436.3   455.5   479.3   535.9  3761.1 11449.5  19451.2    19443
read      344.3   215.8   160.7   205.4   221.2   335.5   388.5   412.6   427.4   443.2   461.3   487.6   540.6  1424.8  9315.2  19521.8    19461
read      324.0   170.9   148.8   195.1   207.1   296.3   358.5   395.7   421.6   448.2   475.5   507.0   567.8  1574.3  7829.5  42382.8    42341
read      343.6   602.0   173.5   237.5   256.3   316.7   341.3   354.9   364.4   374.0   390.1   411.2   487.3  7339.3 26147.0   5682.2     5691
read      334.0   230.8   148.8   197.8   209.9   309.4   370.5   403.9   428.5   453.3   479.4   509.6   577.8  2090.7  8133.9  40139.2    40223
read      339.1   227.7   160.7   200.5   213.4   322.7   381.7   412.9   433.0   453.3   474.3   503.4   555.9  1261.0  9521.4  29779.4    29941
read      331.3   175.6   148.8   197.6   209.7   306.7   369.4   404.7   430.4   456.2   483.7   516.9   578.5  1106.2  7942.1  41230.2    41162
read      326.9   165.9   148.8   195.8   207.8   297.6   362.8   400.3   427.3   454.7   483.4   517.8   581.9  1193.2  6979.3  43962.8    43863
read      345.2   200.3   148.8   206.5   222.3   334.9   388.2   413.2   428.9   445.9   464.5   493.8   549.3  1173.4  8610.0  20215.4    20318
read      289.6   190.2   148.8   193.1   203.9   260.8   296.0   322.7   346.6   379.3   422.8   476.8   549.0   909.7  7592.0  93041.4    93421
read      315.7   158.3   148.8   192.4   203.8   280.5   342.2   384.9   415.3   446.8   478.3   515.4   578.5  1288.1  5385.0  48514.2    48578
read      322.6   163.5   148.8   193.8   205.6   290.6   355.9   397.9   425.5   452.4   479.9   510.8   575.5  1558.6  5896.9  40772.8    40595
read      340.9   250.9   148.8   206.3   220.7   330.0   381.2   402.4   416.9   431.8   450.3   470.9   531.3  3471.5  9277.3  17689.4    17677
read      297.1   167.1   148.8   192.3   203.3   263.8   306.2   339.4   367.8   403.6   447.2   496.6   569.2  1000.4  7972.3  78766.8    78948
read      332.9   229.9   160.7   220.8   240.3   323.0   354.0   368.3   378.4   390.9   403.5   429.4   490.1  3432.2  9618.1   9671.8     9703
read      341.5   254.7   160.7   225.8   247.8   329.6   362.8   378.9   390.0   401.1   418.0   438.5   500.6  4367.4 10349.2   9765.4     9686
read      337.0   234.3   160.7   231.9   253.1   325.8   354.9   368.8   378.7   391.0   403.3   428.6   483.0  4121.2  8721.2   7908.6     7968
read      342.9   182.5   160.7   211.9   233.2   336.8   376.1   395.4   408.2   422.9   438.3   464.9   526.5  1381.5  8500.0  15783.0    15830
read      338.5   271.4   160.7   230.1   251.1   324.3   353.3   367.7   377.5   389.9   402.2   426.4   494.4  4627.8 11899.5   8269.0     8192
read      296.2   148.5   148.8   192.0   203.0   265.9   309.5   341.1   367.4   399.9   439.4   487.3   551.1  1033.2  5503.7  79389.4    79410
read      297.2   164.6   148.8   191.0   201.6   262.8   306.3   340.4   369.9   406.2   449.5   497.6   567.6  1182.5  7882.3  76782.6    76582
read      310.9   156.6   148.8   192.2   203.6   275.1   333.7   374.6   406.0   439.6   473.0   509.6   575.5   972.5  6040.3  54552.0    54634
read      298.6   152.8   148.8   191.7   202.6   265.2   310.9   345.9   376.2   412.4   453.1   497.6   561.9   800.7  7535.2  72025.8    72177
read      339.4   244.5   148.8   210.4   225.4   332.2   375.3   394.3   406.5   421.2   435.9   462.8   520.1  3846.3  9849.5  15187.6    15101
read      344.7   337.2   160.7   229.7   251.7   328.1   357.0   371.0   381.7   394.0   407.7   431.3   499.4  6199.4 13231.7   8165.6     8167
read      330.8   171.4   148.8   197.2   209.8   309.5   369.5   402.2   425.5   450.2   476.9   509.1   578.7  1151.7  7836.7  44021.0    44130
read      322.7   480.0   148.8   192.7   203.9   278.0   333.5   369.6   397.1   428.0   460.9   501.9   615.0  4235.8 24785.2  52969.8    53047
read      293.1   493.9   148.8   191.1   201.4   254.1   286.8   309.9   329.7   357.3   396.1   451.6   549.7  4639.9 24408.3  97076.0    97171
read      294.3   277.9   148.8   191.3   202.1   259.8   297.3   327.0   352.8   387.4   430.0   481.2   557.5  1551.4 14011.4  81330.0    81360
read      287.8   238.2   148.8   189.7   199.2   254.4   291.4   319.0   344.1   377.6   419.7   469.1   543.8  1636.3 11066.9  76928.4    77277
read      313.3   291.2   148.8   191.2   202.4   277.8   336.3   374.9   401.2   426.8   454.1   488.9   549.5  3094.7 10237.8  38240.8    38294
read      337.5   256.0   160.7   215.5   232.9   330.6   365.4   381.9   392.7   403.4   420.3   439.7   495.3  3324.9 12412.9  11256.6    11165
read      299.1   131.7   148.8   192.2   203.3   269.1   315.9   349.3   375.1   407.3   446.1   490.0   549.1   913.2  4573.1  74001.8    74155
read      335.0   219.9   160.7   212.0   228.2   329.5   365.7   382.9   394.0   405.4   424.1   449.3   506.0  2917.5 11486.1  12271.4    12255
read      318.2   166.5   148.8   193.7   205.5   287.6   347.9   385.4   412.4   442.8   474.6   509.9   576.0  1057.8  5727.8  52298.8    52404
read      340.1   205.5   148.8   208.2   224.5   332.6   379.6   399.9   413.8   428.4   446.6   469.7   524.8  1821.3  9637.3  16970.2    17057
read      326.1   330.6   160.7   236.2   254.4   309.6   333.4   345.5   355.1   365.2   375.9   398.6   471.1  4065.9 15054.5   6037.6     6005
read      290.7   168.8   148.8   191.1   201.6   260.8   299.4   329.6   355.1   388.1   429.7   478.7   544.9  1016.2  6334.6  85586.2    85707
read      295.9   130.5   148.8   192.3   203.5   264.5   306.3   338.7   366.5   401.4   445.5   494.9   560.2   937.0  5241.7  79961.8    79742
read      302.7   131.3   148.8   191.0   201.8   269.4   321.2   361.5   392.3   425.9   460.0   498.2   550.4   774.0  4355.1  58259.6    58322
read      334.3   192.7   148.8   199.8   212.6   313.1   381.1   411.5   429.8   448.7   468.0   497.1   548.4  1407.2  9135.5  26108.6    26212
read      300.1   132.7   148.8   191.5   202.6   267.1   315.3   352.0   381.4   416.5   456.3   499.8   561.2   796.2  4061.6  69196.0    69487
read      329.4   185.7   148.8   197.0   209.6   305.0   373.8   407.5   427.8   448.2   468.7   498.4   548.3  1468.1  8488.2  29422.6    29507
read      313.3   188.1   148.8   192.4   204.0   277.9   336.8   377.9   407.9   440.0   471.4   506.4   570.7  1432.6  7818.5  51445.4    51412
read      300.1   146.8   148.8   191.1   201.8   266.0   314.6   351.7   381.7   417.8   457.1   499.8   564.1   888.6  4587.2  67365.8    67374
read      311.1   155.7   148.8   192.5   203.8   275.4   333.1   374.4   405.2   440.1   474.5   512.2   578.8   865.2  6024.4  55299.4    55125
read      313.9   161.7   148.8   192.1   203.5   276.8   337.2   380.1   412.2   446.6   481.2   519.8   582.9   843.5  7460.8  53080.8    53048
read      349.7   323.9   148.8   217.7   233.1   340.8   377.5   394.4   405.0   419.8   434.6   461.7   523.7  4028.9 15043.0  12196.8    12192
read      329.9   166.1   148.8   196.9   209.5   306.9   369.6   404.9   428.0   451.4   475.8   505.5   566.1  1269.4  7865.1  36180.8    36138
read      315.5   169.1   148.8   194.9   206.5   281.1   338.1   377.2   406.2   440.6   477.6   518.4   583.8  1112.7  6541.4  60447.2    60799
read      330.9   176.6   148.8   196.1   208.2   303.8   371.5   410.3   435.5   459.6   485.7   517.5   576.7  1162.5  7413.4  36440.0    36368
read      332.3   228.4   148.8   195.0   207.3   300.0   369.4   411.1   438.6   464.2   491.4   525.4   586.0  1566.8  9810.8  39822.6    39729
read      289.3   188.6   148.8   191.7   202.7   259.8   294.7   320.3   343.6   375.1   418.7   473.8   557.7  1185.3  8299.1  95578.6    95693
read      323.5   186.5   148.8   192.9   204.8   290.6   359.0   401.3   428.3   455.1   482.8   514.3   577.2  1085.5  8247.5  41001.8    40999
read      305.8   174.4   148.8   192.1   203.7   270.8   320.6   359.4   389.6   424.6   462.3   504.5   576.3  1266.4  6562.6  65250.6    65037
read      353.2   231.2   148.8   222.3   239.7   349.2   385.3   402.3   414.9   428.1   444.4   467.5   527.7  3623.4 10855.9  12650.0    12633
read      328.6   153.4   148.8   198.3   210.8   297.7   362.3   400.0   428.6   458.6   490.0   528.4   591.7   957.7  5848.2  50243.4    50117
read      315.3   155.2   148.8   194.9   206.5   279.2   335.4   375.6   406.4   441.7   479.9   524.7   592.0  1212.2  6422.0  62654.0    62765
read      343.2   224.7   160.7   214.8   231.3   338.8   376.0   393.7   404.9   419.1   433.2   459.4   514.0  3882.6  8123.9  12405.6    12379
read      323.3   142.4   148.8   194.6   206.7   293.4   358.4   396.5   424.4   453.7   483.9   519.5   581.1   840.4  4973.6  49363.0    49369
read      334.8   192.9   148.8   195.8   208.2   305.8   374.4   414.8   441.1   466.7   493.9   528.6   591.3  1474.1  8460.7  39112.2    39111
read      318.4   181.3   148.8   192.4   203.9   283.3   346.6   387.8   417.6   449.8   483.0   521.5   585.8   910.2  8346.5  52815.0    52692
read      342.2   249.3   148.8   200.7   214.6   323.7   387.4   416.9   435.1   453.4   471.7   500.5   550.8  1581.8 12623.9  24610.2    24539
read      308.3   171.9   148.8   192.0   203.2   272.7   327.9   367.8   398.3   432.6   468.6   508.2   576.5  1096.1  5444.0  61718.8    61591
read      321.9   172.9   148.8   194.2   205.9   287.1   350.6   393.7   423.9   454.4   485.4   522.3   585.9  1592.9  5984.9  47960.8    47864
read      343.7   270.2   148.8   208.9   223.8   335.8   381.7   401.5   415.1   429.2   447.0   469.4   527.6  4161.1 11772.7  16525.2    16479
read      297.0   157.7   148.8   191.2   202.0   264.3   308.3   341.9   370.4   406.1   448.6   496.4   564.6   996.1  5733.5  75372.0    75268
read      336.0   245.7   160.7   226.4   246.9   326.9   355.9   370.0   380.3   392.1   403.9   429.1   497.6  3834.5 11656.9   8729.2     8714
read      346.6   222.5   160.7   219.1   241.8   339.6   376.1   393.7   404.7   419.7   434.7   461.3   509.1  2637.1  9582.7  13061.0    13002
read      304.2   166.2   148.8   195.1   206.4   272.4   318.3   352.4   379.3   412.7   453.2   500.8   574.0   948.3  6571.8  77002.8    77147
read      321.3   176.4   148.8   194.0   205.8   288.7   352.5   394.8   422.2   449.3   477.0   508.8   573.4  1482.2  6841.2  43588.2    43518
read      337.7   241.5   148.8   200.0   212.6   314.2   383.8   414.7   433.3   452.3   471.4   501.4   553.8  1869.7 10853.9  27069.8    27206
read      308.9   163.5   148.8   192.5   204.1   275.2   330.4   369.4   399.2   432.2   464.5   501.7   563.8   982.4  7618.2  55826.2    55859
read      322.8   159.8   148.8   195.4   207.6   294.7   362.2   399.9   422.9   446.1   469.9   502.2   561.7   760.8  8051.8  37449.6    37448
read      314.1   159.1   148.8   192.8   204.5   283.7   344.6   384.2   410.9   437.6   464.9   498.8   558.9   830.6  7359.7  45060.8    45026
read      285.3   124.2   148.8   192.1   203.2   260.1   293.9   317.8   338.8   367.1   405.0   458.8   542.8  1181.3  4515.5  99876.6    99974
read      303.9   144.3   148.8   191.2   202.4   269.1   319.9   359.3   390.1   425.9   464.1   504.9   572.4   942.7  5087.1  64662.4    64632
read      314.8   182.0   148.8   191.5   202.8   278.9   341.1   385.2   416.2   446.9   477.0   511.4   578.3  1162.4  6306.5  49230.2    49061
read      294.8   146.8   148.8   191.4   202.0   261.3   302.8   335.9   365.1   401.9   446.5   496.2   572.3  1221.0  5790.4  80336.0    80418
read      338.8   164.9   148.8   208.3   222.8   335.4   382.9   403.0   416.8   430.8   449.1   471.0   526.3  1790.2  7643.1  16582.6    16471
read      325.2   162.6   148.8   194.9   207.0   294.9   365.4   404.8   428.4   451.8   475.9   505.6   569.0  1340.3  6160.0  35775.0    35694
read      345.5   219.5   160.7   211.7   227.3   340.5   382.9   401.6   414.9   428.8   446.2   468.9   529.1  3168.3  9691.0  13920.2    13935
read      296.2   161.9   148.8   192.6   203.6   264.6   305.9   338.0   365.9   401.1   443.9   493.1   564.6   922.1  7171.0  79850.8    79838
read      314.8   154.6   148.8   193.0   204.5   279.6   340.9   384.1   414.4   445.4   475.8   509.6   576.1   943.0  6257.7  48850.2    48842
read      339.2   204.6   148.8   208.1   222.7   332.7   381.2   402.0   416.1   430.5   449.2   471.7   532.5  1430.8  9616.5  17676.0    17708
read      331.1   213.9   148.8   197.2   209.8   305.5   371.3   405.3   426.1   447.0   468.2   498.8   558.4  2381.7  8689.8  31544.0    31401
read      304.5   179.2   148.8   191.9   202.9   269.9   321.3   360.2   389.7   423.6   459.4   499.7   562.0  1133.1  7390.1  62188.8    62091
read      288.4   131.4   148.8   191.4   202.1   258.8   295.7   324.0   349.6   384.0   427.4   478.1   549.8  1081.4  3426.5  86980.8    87121
read      289.7   156.2   148.8   190.4   200.4   258.0   297.0   328.0   354.3   388.5   430.6   480.3   549.8  1152.8  6718.1  82023.4    81929
read      320.0   173.1   148.8   194.0   205.9   288.8   352.8   393.6   419.5   445.4   471.2   505.2   572.8  1091.1  8002.6  42075.8    42013
read      288.1   155.3   148.8   191.3   201.8   259.4   295.6   322.5   346.8   380.0   421.6   471.1   547.8   862.1  7262.2  90838.0    90709
read      303.1   148.4   148.8   191.8   203.1   269.4   318.0   356.6   387.4   422.6   460.2   503.3   573.7   947.3  4537.0  67617.8    67578
read      307.2   171.2   148.8   191.4   202.8   273.4   327.7   368.0   397.1   427.8   460.3   499.3   569.9   930.2  7467.4  58220.8    58116
read      299.2   132.3   148.8   191.0   201.9   266.9   313.8   349.5   379.3   413.5   451.1   495.2   568.0   902.7  4040.5  68747.2    68886

Total QPS = 50328.1 (90590592 / 1800.0s)

Total connections = 64
Misses = 90590596 (100.0%)
Skipped TXs = 0 (0.0%)

RX  271771788 bytes :    0.1 MB/s
TX          0 bytes :    0.0 MB/s
Warning! Detected max cpu usage > 95%
CPU Usage Stats (avg/min/max): 99.96%,46.19%,100.00%