minjingshi@client-measure-8n98:~/memcache-perf-dynamic$ ./mcperf -s 10.0.16.3 -a 10.0.16.4 --noload -T 16 -C 4 -D 4 -Q 1000 -c 4 -t 1800 --qps_interval 5 --qps_min 5000 --qps_max 100000 --qps_seed 3274
Random waveform, supplied seed
Total number of intervals = 360 (7434, 67201, 85927, 63953, 31595, 87879, 7287, 62295, 6561, 22532, 60653, 59076, 60154, 22964, 8172, 27652, 37594, 24367, 33771, 84944, 85666, 51918, 34406, 28664, 38289, 20658, 13840, 93419, 98284, 71313, 42089, 46458, 30755, 42889, 93552, 65694, 29574, 51355, 67361, 16287, 81508, 87619, 99068, 51267, 11822, 97494, 97350, 55460, 85984, 82043, 52873, 13911, 49984, 9274, 27187, 18735, 86505, 93039, 75999, 32324, 84255, 81759, 37291, 53818, 30297, 31569, 38927, 10652, 98119, 48176, 34929, 69735, 20753, 84642, 42333, 61587, 77998, 97625, 23781, 66723, 31016, 47394, 95335, 5252, 65908, 16889, 42912, 99898, 26385, 22616, 50605, 90283, 26273, 48521, 34058, 75648, 19482, 15054, 75754, 5187, 17656, 96343, 36665, 85269, 31525, 61798, 12253, 25710, 79937, 7271, 85861, 91467, 72217, 31080, 76878, 84584, 12492, 57106, 96245, 6791, 90728, 5151, 82969, 42635, 99337, 95192, 69200, 49459, 29055, 64324, 5705, 84816, 23714, 74116, 19948, 44213, 19454, 7190, 47657, 44399, 6481, 5807, 83137, 9580, 37385, 33706, 35204, 50438, 48878, 42682, 27416, 64424, 64364, 5481, 26227, 26586, 86286, 24452, 26832, 29795, 46224, 84587, 63389, 46953, 90536, 12508, 38491, 97806, 11813, 39665, 53571, 63215, 78767, 8615, 67903, 16398, 53434, 38068, 9130, 69227, 37496, 83925, 51037, 33690, 51474, 73708, 98618, 81977, 91567, 48236, 91726, 52458, 70467, 71151, 65016, 42057, 78821, 60720, 39911, 10628, 73736, 7334, 91868, 76670, 10405, 26019, 55530, 29615, 66057, 55281, 21177, 88239, 70227, 23421, 97104, 6235, 58045, 23729, 40897, 53312, 87262, 81836, 92274, 47252, 75747, 80994, 98224, 7737, 37514, 10640, 90490, 92514, 89245, 73823, 46565, 21419, 66915, 31667, 72255, 99535, 9226, 67844, 71413, 97328, 55113, 53743, 15253, 90605, 25767, 93458, 95080, 88399, 95681, 33003, 98809, 64610, 51183, 20194, 7602, 46677, 5577, 23035, 57516, 62851, 38431, 25729, 19443, 19461, 42341, 5691, 40223, 29941, 41162, 43863, 20318, 93421, 48578, 40595, 17677, 78948, 9703, 9686, 7968, 15830, 8192, 79410, 76582, 54634, 72177, 15101, 8167, 44130, 53047, 97171, 81360, 77277, 38294, 11165, 74155, 12255, 52404, 17057, 6005, 85707, 79742, 58322, 26212, 69487, 29507, 51412, 67374, 55125, 53048, 12192, 36138, 60799, 36368, 39729, 95693, 40999, 65037, 12633, 50117, 62765, 12379, 49369, 39111, 52692, 24539, 61591, 47864, 16479, 75268, 8714, 13002, 77147, 43518, 27206, 55859, 37448, 45026, 99974, 64632, 49061, 80418, 16471, 35694, 13935, 79838, 48842, 17708, 31401, 62091, 87121, 81929, 42013, 90709, 67578, 58116, 68886)
Average QPS expected = 50334
Timestamp start: 1684324334749
Timestamp end: 1684326135265

#type       avg     std     min      p5     p10     p50     p67     p75     p80     p85     p90     p95     p99    p999   p9999      QPS   target
read      381.6   772.0   160.7   232.3   254.4   321.1   349.5   365.7   376.5   391.5   409.0   451.0  2057.4  8268.0 34235.9   7368.6     7434
read      343.2   461.7   148.8   191.0   201.3   283.3   337.3   374.0   407.1   452.4   508.0   584.1  1010.0  5034.2 24820.1  67044.4    67201
read      340.7   359.0   148.8   192.1   203.2   286.8   341.3   375.5   404.1   445.2   502.6   590.2   961.0  5187.9 10802.4  85962.6    85927
read      335.8   295.5   148.8   190.7   201.1   283.8   339.7   379.7   414.4   458.9   513.4   586.3   859.2  3946.1  7802.1  63888.0    63953
read      523.7  1229.8   160.7   201.1   212.9   332.0   424.0   486.4   534.8   599.8   731.1  1185.3  3915.8 18213.0 38405.6  31670.2    31595
read      349.2   412.3   148.8   195.3   206.8   280.5   335.5   374.6   406.4   448.2   504.8   612.0  1314.6  5341.5 12242.9  87627.0    87879
read      364.2   656.8   160.7   231.5   253.5   324.4   352.1   367.7   378.7   392.8   409.3   445.1  1005.5  6896.7 31955.8   7303.4     7287
read      329.6   258.1   148.8   192.0   203.0   278.4   344.4   389.4   421.3   457.2   500.4   568.7   771.7  3006.7  8533.1  62217.8    62295
read      346.6   300.3   173.5   229.7   251.2   321.1   351.7   367.9   379.2   393.0   409.4   443.1   793.9  5247.3 12779.6   6569.4     6561
read      518.8  1310.4   148.8   190.0   199.0   319.2   427.6   487.7   532.8   596.9   788.5   975.5  5743.9 23870.3 35924.6  22612.2    22532
read      345.1   418.5   148.8   190.3   200.4   282.1   340.2   383.1   419.8   465.5   519.7   593.1  1025.9  5181.3 17770.4  60610.4    60653
read      336.9   314.3   148.8   190.6   201.0   282.2   340.7   384.8   421.0   465.4   517.3   586.7   825.5  4232.8  8400.9  59176.2    59076
read      352.0   396.4   148.8   192.7   204.0   291.2   355.3   398.8   435.0   480.9   535.7   615.2   940.0  5074.1 12605.4  60222.4    60154
read      504.4  1201.9   148.8   192.2   202.6   322.4   432.3   492.3   539.1   608.4   780.5  1008.0  4274.6 11446.9 38711.5  22978.2    22964
read      545.5  1568.0   160.7   210.1   227.2   348.8   400.5   428.0   447.5   469.2   501.9   605.5  6152.8 30723.3 35638.7   8176.2     8172
read      482.1  1138.5   148.8   191.2   201.3   311.2   410.1   471.9   516.5   575.1   684.2  1055.3  3751.8 14574.6 36958.5  27742.6    27652
read      356.1   323.5   148.8   196.2   208.5   306.8   387.6   431.7   461.2   493.0   531.1   589.5   771.6  3789.9 12953.9  37631.8    37594
read      367.5   326.6   148.8   200.6   213.2   325.5   397.1   431.9   455.2   480.4   509.4   563.5  1051.5  4335.0  9321.1  24412.8    24367
read      346.8   240.2   148.8   197.7   210.1   307.9   381.5   419.4   443.8   468.8   499.6   547.6   751.7  2712.1  9158.5  33811.2    33771
read      321.8   244.6   148.8   193.3   204.2   268.9   320.8   364.1   397.0   436.9   489.9   576.3   846.6  2903.3  8068.7  84907.2    84944
read      315.6   207.9   148.8   192.3   202.9   266.2   318.5   360.4   392.7   431.6   481.6   559.7   798.4  2227.6  6316.0  85638.0    85666
read      347.0   228.8   148.8   196.6   208.1   293.3   374.6   423.8   457.7   494.9   539.0   611.4   796.3  2340.9  8335.3  52169.6    51918
read      361.7   299.8   148.8   200.6   212.7   316.3   401.7   445.5   473.6   503.4   539.0   592.4   734.6  3128.7 10340.0  34515.4    34406
read      357.8   178.0   148.8   202.9   215.7   326.1   405.4   442.8   467.0   493.3   523.8   569.2   682.4  2239.1  5062.9  28526.4    28664
read      351.9   197.7   148.8   198.3   210.3   308.2   391.5   436.1   465.4   496.6   533.9   589.5   731.5  2285.5  6256.5  38275.2    38289
read      364.2   229.7   148.8   208.6   223.0   347.4   412.7   442.9   462.4   483.6   506.7   543.7   643.4  2475.2  9254.6  20679.6    20658
read      365.0   322.4   160.7   210.3   224.4   346.3   395.9   420.7   436.5   455.5   476.3   507.7   695.4  5914.7  9905.4  13830.6    13840
read      361.8   387.1   148.8   198.1   209.8   295.7   354.6   391.8   423.2   466.6   529.2   634.6  1232.3  4736.1 10408.7  93443.8    93419
read      352.3   444.7   148.8   196.5   207.8   290.8   343.4   375.2   401.9   439.4   496.6   589.4  1171.9  5544.6 12901.1  98432.0    98284
read      348.7   300.5   148.8   196.3   207.6   294.8   354.2   393.1   426.5   469.8   526.9   607.4  1005.9  3935.9  8011.8  71267.4    71313
read      372.7   405.7   148.8   197.2   208.9   307.4   385.2   435.9   474.5   516.7   568.1   641.0   986.9  5732.0 12408.0  42123.0    42089
read      365.8   313.6   148.8   196.7   208.5   306.4   380.3   429.4   467.7   511.0   564.2   640.2   981.2  4449.3  9341.2  46332.0    46458
read      364.7   268.5   148.8   197.5   209.2   310.3   396.1   443.8   476.0   508.4   546.5   608.0   890.9  4164.6  9023.1  30716.6    30755
read      365.6   330.4   148.8   196.6   208.2   305.4   384.1   435.2   473.4   516.5   568.2   645.5   946.1  4080.4 11529.9  42907.2    42889
read      347.9   357.5   148.8   195.7   206.7   288.4   343.0   376.5   404.4   446.1   504.5   603.8  1147.9  4374.2 10040.9  93492.8    93552
read      370.9   416.7   148.8   196.2   207.4   296.7   363.0   406.3   444.9   493.7   554.7   654.1  1419.6  4893.1 10186.8  65743.4    65694
read      363.9   250.8   160.7   198.5   210.2   314.7   400.5   447.0   478.1   510.8   547.6   607.9   817.6  3867.4  8022.1  29495.4    29574
read      365.7   400.8   148.8   196.4   207.7   302.2   372.4   419.4   457.5   502.5   558.2   640.0  1057.5  4598.6 12801.4  51328.0    51355
read      367.7   389.0   148.8   196.3   207.7   298.5   367.1   411.7   449.1   495.9   555.9   657.4  1191.6  4639.6  9416.2  67319.6    67361
read      363.9   265.9   160.7   206.0   219.1   345.5   405.3   434.9   453.5   472.2   496.6   533.9   686.6  3341.8 11214.4  16406.2    16287
read      349.2   324.5   148.8   194.5   205.6   289.9   348.0   385.4   416.7   460.8   520.6   617.4  1100.5  4257.6  8729.8  81529.8    81508
read      346.2   371.9   148.8   194.2   205.2   287.3   342.6   375.7   403.9   445.3   502.4   593.6  1093.6  4665.5  9409.3  87749.6    87619
read      354.6   466.0   148.8   195.3   206.3   287.1   340.5   372.3   399.7   438.0   497.3   596.4  1334.6  5266.9 17236.9  99029.4    99068
read      366.4   451.8   148.8   195.9   207.3   299.8   370.0   416.8   456.1   501.9   555.6   634.7  1038.3  4614.3 15632.3  51292.6    51267
read      357.2   283.0   160.7   212.4   227.5   339.9   385.5   407.7   423.4   439.8   461.7   495.6   637.1  4142.8 12036.5  11838.2    11822
read      353.6   369.5   148.8   195.6   207.0   291.3   345.7   378.7   405.8   446.9   505.4   605.9  1279.1  4850.1  8979.4  97477.0    97494
read      314.7   216.7   148.8   193.5   204.1   263.8   310.7   347.3   377.4   415.5   468.2   556.7   908.5  3084.5  6796.2  97517.4    97350
read      357.1   348.7   148.8   197.0   208.5   291.3   367.3   415.3   450.3   489.6   537.1   620.3  1073.1  4527.4 11276.5  55575.4    55460
read      347.0   332.9   148.8   194.7   205.9   286.5   346.5   385.7   418.1   461.6   522.6   623.1  1096.5  4471.7  9503.6  85841.2    85984
read      346.7   388.3   148.8   193.4   204.6   287.4   344.6   382.7   414.3   458.5   517.1   606.3  1061.0  4301.5 12728.6  82133.0    82043
read      347.3   378.2   148.8   192.4   203.5   289.7   355.9   402.5   439.6   483.1   533.2   598.0   866.7  4212.2 11323.7  52869.2    52873
read      361.2   426.4   160.7   205.0   218.7   338.0   388.2   411.8   427.6   445.0   465.0   499.2   720.7  5781.0 19031.9  13928.4    13911
read      342.2   280.6   148.8   191.4   202.3   287.4   352.8   399.4   435.9   479.3   529.8   597.9   881.1  3384.0  7916.3  50133.6    49984
read      352.1   342.4   160.7   219.0   238.0   332.3   370.8   390.2   402.4   418.7   436.0   468.7   623.9  3434.8 17176.1   9216.2     9274
read      369.0   337.9   148.8   197.1   210.1   323.3   397.7   439.8   467.9   498.4   534.3   588.8   916.3  3488.0 12422.5  27282.0    27187
read      356.8   292.6   148.8   200.7   213.4   331.3   395.2   426.3   446.1   465.7   490.5   527.8   807.4  3385.3  7999.9  18771.0    18735
read      332.1   323.9   148.8   191.6   202.5   282.6   334.3   367.3   395.2   433.9   490.7   575.0   889.8  4564.2 10905.2  86145.0    86505
read      338.8   347.7   148.8   192.6   203.8   285.7   339.2   372.2   400.0   437.8   495.2   584.7   975.4  5212.9  8048.2  93049.2    93039
read      342.8   316.5   148.8   192.3   203.5   287.0   343.0   380.9   413.3   457.7   513.9   597.3  1014.2  4597.3  7696.2  75877.8    75999
read      355.3   366.9   148.8   193.6   205.3   303.2   380.6   425.9   456.9   489.7   527.7   586.1   821.1  3979.8 12853.5  32130.2    32324
read      332.3   353.8   148.8   191.7   202.5   281.3   332.8   366.4   395.1   434.8   491.1   574.6   889.9  4783.5 11037.0  84385.8    84255
read      335.4   341.2   148.8   192.3   203.3   284.5   338.1   371.8   400.2   439.7   495.8   576.3   879.6  4896.9  9417.8  81876.2    81759
read      354.0   315.5   148.8   192.3   203.6   296.5   375.1   423.4   458.3   495.6   538.0   603.1   900.6  3595.6  9303.9  37392.8    37291
read      349.4   343.4   148.8   192.4   203.6   291.4   358.3   402.6   439.4   484.3   537.6   615.9   933.0  3921.9 13471.1  53728.0    53818
read      351.4   342.8   148.8   192.7   204.1   299.9   374.7   417.9   447.2   477.6   512.7   571.6   854.9  4425.7 10761.9  30277.6    30297
read      348.5   270.5   148.8   192.5   203.9   298.1   375.6   419.7   450.6   482.9   519.2   577.1   801.1  3448.9  9642.6  31645.0    31569
read      348.4   297.8   148.8   191.6   202.5   290.8   367.0   415.4   451.0   489.0   531.2   593.0   862.8  3684.6  9879.5  38917.8    38927
read      365.5   591.0   160.7   210.9   227.2   329.9   371.5   391.3   403.8   421.1   440.4   471.9   714.5  6897.7 30924.8  10621.8    10652
read      337.9   350.6   148.8   193.5   205.0   287.3   338.0   369.5   396.4   433.6   488.9   580.9   991.7  4803.7  8790.0  98044.4    98119
read      345.3   235.4   148.8   192.2   203.4   292.8   359.6   404.7   441.3   483.3   531.1   598.7   904.3  3263.7  6582.8  48233.6    48176
read      360.9   383.8   148.8   193.8   205.4   302.6   382.4   429.5   462.9   498.8   540.7   610.7   962.2  3262.0 12676.8  34999.4    34929
read      353.1   439.6   148.8   192.7   204.1   289.8   347.3   387.0   420.4   464.1   521.0   607.2  1073.5  5305.4 11978.2  69800.6    69735
read      356.4   326.7   148.8   198.5   210.8   325.0   389.3   421.6   442.8   464.8   491.3   532.5   850.3  3513.6 12369.6  20567.2    20753
read      340.1   390.0   148.8   192.3   203.4   285.7   338.6   371.6   400.1   439.9   496.7   582.3   996.8  4769.0 12627.2  84447.2    84642
read      350.5   346.1   148.8   192.1   203.3   291.9   361.9   408.3   444.5   485.0   530.2   596.2   918.6  4241.8  8786.6  42350.6    42333
read      340.3   349.3   148.8   192.4   203.5   285.5   343.0   383.4   417.9   461.6   515.2   588.4   881.6  4581.6 12809.8  61551.6    61587
read      334.5   313.2   148.8   192.1   202.9   283.7   337.1   371.4   400.7   442.3   499.2   577.3   917.8  4731.9  9848.3  77973.8    77998
read      329.4   364.1   148.8   191.8   202.6   281.6   330.1   360.1   384.7   419.6   471.3   556.7   933.8  4580.8  9545.6  97588.4    97625
read      362.9   409.6   148.8   196.6   208.7   317.8   390.3   427.6   452.3   477.7   506.3   557.4   943.1  5601.9 14559.4  23812.2    23781
read      359.9   431.5   148.8   193.8   205.2   294.5   358.2   399.0   433.7   479.0   535.5   625.8  1172.6  5037.7 16068.6  66683.8    66723
read      352.1   297.9   148.8   193.1   204.7   301.4   380.6   424.5   455.1   486.5   521.5   577.9   851.3  3608.8  9286.2  30948.4    31016
read      345.9   284.7   148.8   193.1   204.6   293.6   360.8   404.4   439.7   481.4   529.3   598.5   867.7  3424.1  9516.3  47520.6    47394
read      337.0   392.7   148.8   192.1   202.9   283.2   334.7   366.3   393.4   431.3   487.7   579.4   997.8  4966.9 15031.2  95334.0    95335
read      343.8   622.3   173.5   230.3   249.8   306.2   329.8   343.3   353.7   365.4   379.9   404.7   683.9  6719.1 25680.6   5300.2     5252
read      348.9   383.9   148.8   192.3   203.2   289.0   347.0   386.4   419.7   463.2   518.6   599.1  1078.7  4786.0 12419.7  65703.6    65908
read      366.5   568.7   160.7   199.0   211.0   326.6   382.5   410.0   427.9   447.9   470.0   508.2   894.3  8741.1 29001.9  16989.8    16889
read      342.8   300.4   148.8   190.3   200.5   288.2   357.5   403.7   439.9   480.7   525.9   591.4   859.9  3564.6 10779.2  42868.2    42912
read      330.6   316.1   148.8   191.2   201.8   280.7   331.2   361.6   387.1   424.0   479.2   571.2   993.9  4367.4  9374.5 100091.0    99898
read      357.7   335.7   148.8   194.4   205.9   309.5   388.2   430.2   456.9   484.6   516.1   569.7   937.9  4642.7 13158.2  26247.4    26385
read      348.6   258.3   148.8   195.4   207.1   313.1   385.1   421.4   444.6   467.4   494.5   535.7   758.7  3414.3  9807.5  22692.2    22616
read      344.6   316.4   148.8   190.7   201.2   287.4   352.7   396.9   432.5   475.6   525.0   597.5  1011.1  3359.6 10155.7  50612.2    50605
read      333.4   360.0   148.8   190.9   200.9   279.2   331.4   363.5   390.6   429.1   485.4   571.9   998.0  4501.0 10427.1  90178.4    90283
read      352.7   286.3   148.8   194.1   205.3   305.9   383.9   425.7   453.2   481.2   512.5   568.5   935.0  3151.7 12328.7  26409.6    26273
read      349.9   361.4   148.8   191.7   202.6   289.9   355.6   400.3   437.1   480.0   530.3   605.1   975.1  4430.4 11568.9  48642.8    48521
read      356.3   284.8   148.8   193.1   204.3   297.0   379.8   427.4   461.1   496.5   537.4   605.6  1014.7  3449.4 11216.2  34063.6    34058
read      341.3   374.9   148.8   191.2   201.4   283.0   337.5   372.7   403.6   447.8   504.4   584.8  1049.5  5043.5  9878.6  75802.2    75648
read      362.3   509.4   148.8   197.7   209.3   323.2   390.7   423.0   443.6   464.3   490.0   529.2   765.7  7304.5 24342.3  19544.0    19482
read      348.6   326.1   160.7   201.7   213.2   329.2   381.9   406.9   423.2   440.2   460.8   492.6   707.4  5134.2 12163.1  15147.2    15054
read      337.6   306.5   148.8   191.5   201.8   283.1   337.8   372.5   403.5   449.4   506.5   588.5  1057.6  3948.5  9681.2  75598.6    75754
read      337.6   426.4   160.7   233.0   251.9   306.4   329.5   343.4   354.0   365.9   381.2   405.7   590.5  6684.2 11415.4   5227.4     5187
read      359.0   275.1   160.7   207.0   223.0   335.5   394.6   424.2   443.4   463.6   489.1   527.3   685.4  2692.1  8855.2  17631.0    17656
read      337.2   760.4   148.8   193.0   204.0   285.1   335.9   367.0   392.9   428.6   480.3   563.9   929.8  4621.6 11036.3  96360.6    96343
read      360.4   776.3   148.8   194.2   205.5   296.1   374.9   423.4   457.9   494.9   536.1   599.0   979.0  4620.9 14440.7  36713.8    36665
read      338.2   596.6   148.8   192.6   203.1   282.8   335.8   368.6   397.1   436.3   492.1   574.4   944.1  5109.6 14469.4  85091.2    85269
read      348.4   279.8   148.8   193.5   204.5   294.5   375.9   420.4   451.6   484.2   521.0   579.5   869.0  3073.3  9655.2  31574.2    31525
read      342.4   329.6   148.8   192.8   203.6   288.0   346.6   387.0   421.2   465.1   519.0   591.9   962.5  4269.9 13384.3  61887.4    61798
read      352.4   302.5   148.8   208.0   222.4   333.9   378.7   399.9   414.6   430.1   450.8   481.3   723.6  4392.6 12804.8  12232.0    12253
read      362.8   303.1   148.8   198.9   211.9   322.4   394.4   434.4   460.2   487.4   518.5   568.9   811.1  4160.5 11143.2  25525.8    25710
read      336.1   319.9   148.8   193.4   204.8   285.6   339.1   372.8   401.7   442.4   497.9   577.8   936.7  4284.8 12063.7  79875.2    79937
read      346.4   381.5   173.5   229.6   250.9   321.7   353.6   369.3   380.6   393.7   409.1   437.0   615.8  4594.9 15302.0   7213.6     7271
read      342.2   709.3   148.8   194.5   205.7   287.5   342.0   376.2   405.4   447.5   503.9   590.6   995.9  4434.9  9052.3  85330.2    85861
read      330.8   455.6   148.8   192.4   203.1   280.9   331.5   362.3   387.8   424.0   478.1   561.1   873.5  4445.3  8532.8  91489.6    91467
read      360.4   509.5   148.8   193.3   204.2   288.1   345.3   384.4   419.2   466.1   525.2   614.7  1304.3  6438.5 18306.1  71910.6    72217
read      362.4   588.5   160.7   195.7   207.3   305.4   389.9   437.3   469.8   503.7   542.8   609.5   937.8  3624.2  9059.3  31114.6    31080
read      336.9   358.0   148.8   192.8   203.6   284.8   338.9   373.8   405.3   449.6   505.6   585.8   916.7  4527.7 13645.8  77135.8    76878
read      340.6   367.7   148.8   193.2   204.2   285.9   340.4   374.0   403.2   445.3   502.9   589.4   937.5  4694.4 12161.6  84378.2    84584
read      359.3   417.0   160.7   208.6   223.3   338.8   384.6   406.0   421.2   436.3   458.3   491.6   723.3  4216.7 24619.2  12509.0    12492
read      349.5   354.9   148.8   193.9   205.2   293.6   358.3   401.8   438.3   483.6   535.9   606.8   910.0  3990.9 12286.2  57057.4    57106
read      326.7   311.2   148.8   192.6   203.5   281.9   331.4   361.5   386.3   421.1   471.3   552.5   867.5  3985.6 10694.1  96033.8    96245
read      362.5   610.6   160.7   229.8   250.0   321.4   353.4   370.9   383.0   395.7   412.4   441.9   865.1  8431.1 29030.4   6862.0     6791
read      330.7   315.7   148.8   191.9   202.6   281.6   332.9   364.9   391.9   430.6   486.2   569.6   926.0  4152.7  9454.4  90671.4    90728
read      351.0   552.3   173.5   234.7   253.9   310.1   333.9   347.2   358.7   370.3   387.5   414.9   829.1  7834.8 28664.0   5203.8     5151
read      335.3   347.5   148.8   192.5   203.2   283.0   336.1   369.2   397.3   437.0   493.8   577.1   961.7  4479.7 10668.2  82813.4    82969
read      364.5   407.4   148.8   194.5   206.0   299.4   375.9   424.9   462.3   503.2   549.5   623.7  1008.7  5064.1 10688.4  42692.0    42635
read      337.8   347.5   148.8   193.9   205.0   285.3   335.9   366.6   392.5   429.0   484.4   575.1  1053.6  4413.5  9560.6  99409.0    99337
read      338.2   377.8   148.8   193.2   204.2   285.1   336.5   367.8   394.2   431.8   489.7   578.4   983.8  4659.6 13005.2  95134.6    95192
read      368.7   473.5   148.8   194.6   206.1   291.2   356.3   400.2   437.9   486.4   546.3   651.8  1435.7  5706.3 16175.6  69099.4    69200
read      497.7   856.4   148.8   192.8   203.8   294.4   373.7   432.4   478.6   537.9   641.8  1262.5  4018.6  8146.3 29653.4  49724.8    49459
read      426.9   689.8   160.7   197.8   209.7   329.8   419.2   471.0   507.3   551.1   626.5   803.9  1672.2  8309.8 35818.9  29070.0    29055
read      488.9   906.2   148.8   193.4   204.1   285.6   350.9   401.1   448.5   512.6   618.7  1412.6  4018.0  8514.3 31345.7  64328.0    64324
read      452.7  1336.5   173.5   229.4   252.6   327.6   363.3   383.0   397.3   416.3   443.2   503.0  3776.5 13630.1 57681.9   5647.0     5705
read      364.7   602.0   148.8   194.6   205.8   285.9   342.7   379.4   410.1   452.7   510.2   613.7  1759.9  5488.7 17268.7  84465.8    84816
read      431.3   901.4   148.8   199.9   211.9   336.6   420.7   468.7   501.3   541.9   612.9   785.8  2024.0  8632.8 31466.3  23660.6    23714
read      403.6   646.3   148.8   194.0   205.0   286.6   347.7   390.3   426.3   473.4   542.6   699.6  3794.0  6665.9 26664.0  74363.2    74116
read      418.0   667.5   160.7   199.7   211.8   344.4   419.9   461.2   489.2   522.8   576.7   704.8  1719.9  7739.6 31723.0  19990.6    19948
read      421.2   619.1   148.8   194.0   205.2   305.7   393.5   447.6   488.9   539.3   623.7   835.5  2978.5  7131.9 26194.5  44181.2    44213
read      430.7   627.8   148.8   201.4   213.2   356.1   440.6   486.2   517.5   556.6   623.1   768.8  1833.1  6356.6 30389.7  19491.6    19454
read      395.5   550.1   173.5   225.0   246.7   345.4   386.1   407.4   424.4   444.1   471.4   526.2  1687.8  5842.3 30352.1   7212.8     7190
read      433.2   743.1   148.8   194.9   206.3   302.2   386.9   441.0   483.3   533.5   609.5   849.0  3317.7  8759.3 30804.1  47419.2    47657
read      454.9   731.8   148.8   194.3   205.4   300.3   390.1   444.4   487.1   538.8   618.5   869.9  3975.8  8055.4 25664.6  44483.6    44399
read      427.6   864.4   173.5   228.9   252.9   350.4   390.1   411.8   428.8   450.4   479.1   535.2  2687.6  9073.0 35646.2   6519.6     6481
read      419.9   818.0   173.5   233.7   257.9   349.6   387.0   406.2   422.8   441.0   467.6   515.6  2354.3  9500.2 31942.9   5791.2     5807
read      369.6   546.9   148.8   194.5   205.5   286.4   341.4   378.0   409.5   454.2   513.9   619.3  2145.6  5605.9 23810.6  82648.4    83137
read      411.1   572.6   160.7   218.4   235.5   361.6   409.8   435.8   455.7   478.1   509.7   574.4  1787.8  8356.9 26234.4   9597.6     9580
read      458.8   751.3   148.8   195.1   206.5   314.2   407.9   470.0   517.1   581.7   711.4  1129.7  2644.6  7889.2 32343.4  37350.8    37385
read      453.3   811.7   148.8   195.9   207.5   320.3   415.1   475.0   517.2   574.6   678.8  1015.5  2318.9  8535.7 35397.4  33683.2    33706
read      451.0   767.2   160.7   195.0   205.8   309.0   402.5   466.7   511.7   575.6   704.2  1113.4  2356.2  7942.9 32044.8  35144.0    35204
read      432.8   678.4   160.7   195.4   206.3   294.6   376.7   434.3   477.7   529.7   607.6   862.3  3683.8  7750.9 29199.1  50569.2    50438
read      438.4   751.6   148.8   194.7   205.6   297.4   384.5   439.8   483.2   536.1   619.2   892.3  3650.6  8283.9 30854.0  48798.2    48878
read      439.1   671.7   148.8   195.5   206.8   304.7   394.1   454.4   500.1   555.2   655.6  1031.5  2391.0  8087.3 30500.2  42646.0    42682
read      424.3   650.8   148.8   201.2   213.2   337.7   429.1   478.1   511.7   550.2   607.5   728.9  1752.9  7032.0 31622.7  27471.4    27416
read      504.3   915.7   148.8   197.0   208.7   300.9   371.5   425.8   472.4   536.9   650.7  1319.9  4031.1  8539.9 31405.5  64290.0    64424
read      461.7   831.7   148.8   193.2   204.2   286.3   351.6   401.6   446.7   504.9   594.9  1099.6  3953.2  8628.7 31259.8  64340.2    64364
read      416.9   869.0   173.5   233.4   258.3   337.6   372.9   392.7   405.8   426.3   454.0   505.3  2823.9  9361.2 35511.6   5451.4     5481
read      427.1   649.9   148.8   198.6   211.0   336.1   423.2   474.0   508.1   549.8   618.7   792.5  1896.0  7217.3 30482.3  26170.8    26227
read      422.7   517.1   148.8   197.5   209.4   332.8   425.2   477.1   512.3   557.5   633.7   848.6  1648.3  5934.9 20875.3  26611.2    26586
read      355.2   518.8   148.8   194.1   205.3   285.7   340.3   374.2   402.9   443.6   501.3   594.5  1281.8  5591.4 22031.7  86379.8    86286
read      430.1   722.7   148.8   199.6   211.5   340.0   426.3   473.4   505.3   545.0   604.2   737.0  2356.7  7838.7 31433.8  24483.2    24452
read      432.3   641.6   148.8   197.1   208.7   331.9   424.2   478.4   515.0   562.3   642.7   871.9  2022.1  7124.0 31104.6  26963.4    26832
read      388.9   457.0   148.8   198.3   209.9   317.9   405.7   452.4   483.0   517.7   565.1   664.3  1434.9  4848.8 19241.3  29915.4    29795
read      361.2   349.5   148.8   195.0   206.4   299.3   374.8   424.0   461.5   503.9   552.5   630.2   976.7  4076.5 10027.9  46149.2    46224
read      344.7   390.8   148.8   194.7   205.7   288.4   344.7   380.3   410.1   453.0   510.0   597.6  1002.3  4652.5 12122.4  84585.4    84587
read      358.5   413.0   148.8   194.1   204.9   287.8   351.9   396.9   434.9   482.5   539.9   626.2  1173.1  5312.8 13265.6  63323.0    63389
read      362.7   567.0   148.8   193.7   204.6   291.5   368.9   422.0   460.7   503.1   551.2   628.5  1063.0  4576.3  9248.4  46789.0    46953
read      354.0   411.7   148.8   195.7   207.0   291.3   347.8   383.6   414.0   458.0   518.3   620.6  1176.7  5097.5 15971.6  90495.6    90536
read      388.6   472.7   160.7   210.6   224.9   355.7   405.1   431.5   450.2   470.0   498.8   547.2  1251.6  4626.0 18833.5  12410.0    12508
read      378.5   432.1   148.8   195.1   206.2   300.8   386.4   437.0   474.4   515.1   562.4   653.2  1367.5  4898.0 13866.4  38402.0    38491
read      337.7   354.5   148.8   194.0   205.0   285.4   337.3   368.9   395.8   433.1   491.5   586.2  1012.1  4534.2  9942.8  97718.6    97806
read      378.0   501.2   160.7   210.2   225.3   350.7   396.5   420.0   435.4   454.2   474.7   510.1   907.6  6742.4 17602.8  11911.8    11813
read      341.2   214.8   148.8   200.0   212.3   307.2   373.7   412.4   438.6   465.4   495.0   536.2   674.7  2535.8  6768.4  39622.0    39665
read      323.3   170.3   148.8   199.4   211.6   290.8   348.5   387.1   415.3   446.6   479.8   519.1   586.8  1684.3  6738.2  53566.4    53571
read      315.8   173.9   148.8   198.0   209.9   280.7   333.2   371.8   402.5   438.5   476.2   521.6   593.3   880.3  7920.3  63081.6    63215
read      298.2   152.3   148.8   193.7   204.9   265.8   307.4   339.9   368.3   403.2   446.6   495.6   574.6  1071.4  5070.5  78932.2    78767
read      346.2   315.9   160.7   229.7   251.9   330.0   360.3   375.8   387.1   398.4   414.0   435.1   508.1  4866.3 10821.0   8615.0     8615
read      316.0   181.8   148.8   196.9   208.4   283.8   336.4   372.6   399.9   432.3   468.6   511.5   588.2  1292.5  8562.6  67793.2    67903
read      347.7   327.2   160.7   211.3   226.6   336.7   382.9   402.6   415.8   429.2   446.9   470.3   535.2  3747.8 12190.3  16549.8    16398
read      316.9   145.5   148.8   195.7   207.2   284.3   343.1   382.8   411.7   443.6   476.9   515.5   584.4   867.7  4330.1  53366.8    53434
read      330.0   188.2   148.8   197.3   209.2   299.4   367.7   406.8   432.3   457.0   483.7   516.8   580.0  1590.3  7737.9  37978.8    38068
read      345.9   379.0   160.7   227.0   248.9   329.9   361.6   377.3   388.3   399.3   415.0   435.0   505.1  6004.5 14740.5   9163.2     9130
read      313.3   175.5   148.8   196.9   208.3   279.6   330.5   367.0   395.2   429.1   467.8   513.9   590.5  1309.8  7746.2  69125.2    69227
read      332.0   183.2   148.8   197.6   209.7   299.8   372.1   412.5   438.6   463.6   491.1   526.4   588.4  1145.4  8444.0  37573.8    37496
read      294.3   151.8   148.8   193.1   203.9   262.1   301.4   332.7   360.6   396.5   440.9   493.2   571.5   927.2  4936.9  84091.8    83925
read      321.5   210.7   148.8   196.2   207.7   284.3   345.0   388.6   419.5   451.9   485.4   525.3   590.6  1319.6  8878.9  51227.6    51037
read      333.5   179.0   148.8   199.7   211.7   304.5   376.0   413.2   436.4   458.7   483.5   514.1   581.3  1421.8  7924.9  33687.2    33690
read      318.3   203.3   148.8   194.4   205.8   280.9   340.6   383.6   414.3   446.8   480.0   519.3   590.1  1493.3  9989.5  51469.0    51474
read      304.3   153.6   148.8   194.4   205.7   269.8   314.2   349.6   380.9   419.3   462.2   511.1   587.3  1010.1  4685.0  73823.8    73708
read      287.2   140.0   148.8   193.1   203.9   259.5   293.6   317.8   340.2   371.6   414.8   470.7   558.8  1078.6  5423.9  98503.2    98618
read      297.4   159.2   148.8   193.3   204.3   264.6   305.0   336.2   364.7   401.4   446.6   499.4   584.0   866.8  6989.4  81836.6    81977
read      291.2   181.3   148.8   193.1   203.9   260.8   296.5   323.4   347.8   382.2   427.0   482.7   568.9  1100.2  8392.9  91630.0    91567
read      320.2   179.7   148.8   195.1   206.4   282.9   345.1   390.7   421.4   452.3   483.9   522.6   588.0  1481.5  8138.7  48018.8    48236
read      292.4   151.1   148.8   194.2   205.1   263.0   298.5   325.9   350.4   385.1   429.8   485.2   568.6  1051.4  6791.3  91612.0    91726
read      321.9   161.8   148.8   196.7   208.3   285.2   345.3   390.8   423.1   457.1   491.9   532.2   593.2  1130.2  5422.1  52571.6    52458
read      304.6   159.5   148.8   194.1   205.2   269.7   316.4   354.0   385.6   423.1   463.5   508.8   584.7   906.3  6182.2  70331.0    70467
read      306.1   157.2   148.8   194.2   205.3   270.0   316.8   355.2   387.8   426.6   469.5   517.4   592.2   991.2  4350.9  71135.6    71151
read      312.5   150.2   148.8   196.1   207.5   276.2   327.9   368.8   400.5   437.0   476.2   522.3   591.1   972.2  5755.2  65077.2    65016
read      331.6   194.4   137.8   197.4   209.2   294.6   365.8   410.2   439.5   467.3   496.5   533.9   604.4  1709.0  7964.1  42064.2    42057
read      299.2   174.2   148.8   193.3   204.3   265.5   307.0   339.8   369.5   405.8   451.2   503.3   583.1   969.4  7670.8  78876.6    78821
read      314.5   154.4   148.8   194.8   206.2   275.9   331.6   374.4   407.5   445.3   484.2   529.3   595.2  1201.7  5467.7  60793.2    60720
read      327.0   215.6   148.8   195.6   207.2   292.2   361.6   404.6   431.8   457.4   484.6   517.8   582.5  1399.2  9980.4  39741.8    39911
read      348.6   303.6   148.8   220.8   239.3   338.2   372.5   389.2   399.7   413.2   429.4   455.6   512.7  4086.2 13771.7  10746.2    10628
read      307.1   160.0   148.8   194.3   205.9   273.7   320.1   356.0   384.9   419.9   460.5   507.7   586.3  1162.0  6754.4  73461.6    73736
read      353.4   381.8   160.7   236.8   259.0   332.8   361.5   376.2   387.2   398.2   414.0   436.5   533.1  5812.6 15482.7   7306.8     7334
read      290.9   141.3   148.8   192.8   203.7   262.3   298.3   325.1   349.0   382.5   426.3   481.1   566.6  1030.8  4475.7  91773.0    91868
read      301.2   133.8   148.8   193.5   204.8   269.5   312.3   344.6   374.2   410.0   450.0   499.0   590.5  1122.0  4780.0  76698.6    76670
read      348.8   301.4   160.7   221.8   240.6   337.2   369.1   386.0   397.0   410.6   429.4   459.9   535.1  4052.2 14233.5  10470.6    10405
read      351.4   196.9   160.7   205.4   220.3   338.6   393.7   421.6   439.9   460.0   483.8   517.6   606.3  1272.7  8350.7  26100.8    26019
read      331.1   165.2   148.8   200.6   212.9   301.9   362.5   399.2   426.2   455.7   489.2   532.6   612.6   915.9  7320.3  55547.2    55530
read      347.3   177.3   148.8   203.2   217.1   331.0   393.5   424.8   444.9   465.2   489.9   523.3   590.1  1105.6  7307.8  29729.2    29615
read      315.7   170.6   148.8   196.1   207.7   281.3   334.8   373.1   402.3   436.5   473.8   519.3   592.6  1217.6  8388.6  65913.2    66057
read      322.9   169.1   148.8   196.4   208.1   284.8   343.8   388.5   420.6   455.1   491.6   535.8   619.2  1568.9  7625.4  55042.0    55281
read      350.4   211.1   148.8   207.7   222.4   338.4   397.7   422.9   438.9   456.7   476.2   506.3   583.3  2114.3  9855.1  21143.8    21177
read      292.1   119.9   148.8   193.1   204.2   263.5   300.9   328.7   353.4   386.9   429.2   483.4   571.5   973.7  4037.7  88272.8    88239
read      305.1   179.9   148.8   194.6   206.1   273.0   317.4   351.4   379.9   413.4   452.0   499.2   586.8  1158.5  7889.8  70270.6    70227
read      349.0   176.3   148.8   205.2   219.2   334.9   401.8   428.8   446.2   464.1   486.4   515.2   582.1  1189.4  8814.7  23375.0    23421
read      289.1   156.4   148.8   193.6   204.5   261.6   295.9   320.3   343.0   374.3   418.1   474.3   564.5   941.1  4934.5  97170.2    97104
read      344.9   417.1   160.7   237.7   258.1   319.7   343.9   358.4   368.2   380.0   395.6   421.2   512.7  7429.9 15598.7   6228.6     6235
read      326.8   167.8   148.8   199.4   211.7   297.6   355.9   392.0   418.0   447.0   479.5   522.8   602.6  1102.8  5859.4  58113.8    58045
read      352.9   220.9   148.8   206.0   221.6   340.8   395.3   421.4   438.0   456.5   477.1   507.6   590.9  2735.9  8539.3  23708.6    23729
read      336.9   178.3   148.8   201.9   214.1   311.1   374.5   410.2   435.1   461.4   490.0   526.9   598.0  1420.3  7377.2  40849.0    40897
read      321.2   167.4   148.8   196.9   208.6   289.6   347.9   387.0   414.9   445.6   478.1   519.7   591.4  1128.8  5020.4  53432.8    53312
read      294.7   152.4   148.8   194.1   205.1   265.3   303.6   332.0   357.1   390.5   433.2   486.9   569.3   944.7  7568.2  87044.8    87262
read      296.1   142.1   148.8   193.3   204.2   265.0   305.1   335.9   363.3   398.8   442.6   494.1   575.0   996.5  5329.5  82091.6    81836
read      289.9   148.2   148.8   193.0   203.8   260.4   296.1   323.0   347.4   381.0   424.9   479.4   564.9  1154.4  5126.0  92063.2    92274
read      324.1   178.7   148.8   196.3   208.0   287.7   351.7   396.9   427.3   457.9   489.9   528.7   591.6  1168.7  7827.6  47234.8    47252
read      302.0   153.2   148.8   194.1   205.0   267.0   311.0   345.4   376.9   415.2   458.1   506.8   589.1  1007.7  5783.0  75601.4    75747
read      294.9   150.8   148.8   192.5   203.2   262.1   302.6   334.6   363.0   398.7   441.5   491.9   569.2  1429.8  5031.2  81150.4    80994
read      289.1   127.9   148.8   195.7   206.3   262.8   296.6   320.9   343.2   372.6   413.6   467.8   550.4   982.4  5052.3  98425.6    98224
read      339.6   334.6   160.7   229.8   250.7   322.5   348.6   363.3   372.4   385.2   399.1   424.7   514.8  5306.0 16320.4   7768.8     7737
read      347.9   173.5   148.8   204.9   218.8   329.4   389.0   420.6   442.2   465.7   492.8   530.5   615.8  1803.1  7348.6  37379.2    37514
read      356.0   277.7   160.7   228.2   251.4   345.3   378.0   394.6   405.0   420.3   435.5   464.3   538.9  4371.3  9471.3  10759.6    10640
read      292.5   155.8   148.8   194.0   204.9   263.6   300.0   326.7   350.9   383.9   426.7   481.5   567.7  1064.1  7308.9  90516.8    90490
read      294.3   165.3   148.8   195.5   206.7   265.5   301.1   327.9   351.9   385.5   429.8   485.5   570.1   912.4  6450.6  92572.8    92514
read      298.2   133.9   148.8   196.8   208.3   269.0   306.0   333.8   358.9   392.9   437.4   492.8   581.4  1098.0  5516.0  89254.2    89245
read      308.0   133.7   148.8   197.6   209.3   274.7   318.5   353.5   383.9   421.8   464.7   512.5   592.1   910.2  4947.1  73747.0    73823
read      328.5   186.3   148.8   199.4   211.5   293.0   355.7   399.2   428.8   458.5   490.0   529.3   603.7  1304.7  7820.6  46568.2    46565
read      343.3   204.6   148.8   207.6   222.1   331.8   388.9   413.4   428.5   445.2   463.8   492.5   547.9  1434.1  9268.2  21281.4    21419
read      310.0   202.2   148.8   194.9   206.4   274.1   322.3   361.2   392.3   428.6   467.8   513.2   591.0  1158.1  8102.4  67098.2    66915
read      338.1   191.3   148.8   200.9   213.3   310.4   383.7   419.4   441.5   463.5   488.3   520.0   585.4  1347.8  9779.5  31974.2    31667
read      305.1   139.3   148.8   194.4   205.5   270.1   316.2   352.9   384.5   422.0   465.1   514.0   590.2  1085.9  5019.9  72297.4    72255
read      286.9   134.7   148.8   194.1   204.9   260.8   294.2   318.3   340.2   370.1   411.8   468.3   550.8   799.9  4367.7  99461.0    99535
read      344.1   323.6   160.7   225.8   246.7   331.8   360.4   374.3   385.4   396.7   411.4   434.7   508.2  5161.5 15625.4   9210.0     9226
read      317.9   163.4   148.8   198.0   209.4   284.4   337.3   375.6   404.5   439.5   478.9   526.3   601.6   990.7  5660.3  67817.8    67844
read      310.3   174.5   148.8   196.9   208.0   273.8   320.9   360.1   391.8   429.6   472.5   521.5   590.5  1151.4  6303.0  71269.6    71413
read      286.9   118.0   148.8   193.7   204.4   260.4   294.6   319.0   341.2   371.5   412.9   467.0   548.6   984.1  4345.3  97515.0    97328
read      315.3   203.2   148.8   194.5   205.8   277.4   334.7   377.2   408.8   442.9   477.2   516.8   587.2  1269.2  9183.0  55063.8    55113
read      317.1   169.4   148.8   194.6   206.1   280.0   339.0   382.9   415.5   449.5   483.2   522.6   586.2  1018.3  6315.9  53641.4    53743
read      345.8   231.3   148.8   213.2   228.5   341.4   384.7   403.2   416.2   429.5   446.9   469.6   531.3  2735.6  9839.2  15269.2    15253
read      296.7   187.3   148.8   195.4   206.4   267.2   305.6   333.5   358.0   390.9   432.7   486.9   570.5  1099.4  6963.6  90333.8    90605
read      339.2   203.4   148.8   203.3   216.1   319.9   386.9   415.2   432.6   451.1   470.0   500.1   562.1  1464.9  9077.9  25909.6    25767
read      291.7   166.0   148.8   193.8   204.8   263.4   299.1   325.5   348.6   381.4   424.1   477.9   561.1  1075.0  6116.9  93262.2    93458
read      292.8   135.2   148.8   195.6   206.5   264.8   300.0   326.2   349.0   381.2   424.2   479.6   565.5  1088.4  5424.0  95062.8    95080
read      294.1   123.7   148.8   195.1   205.9   265.0   302.4   331.0   356.6   391.0   434.8   489.9   569.3   826.2  4106.4  88504.0    88399
read      290.4   181.7   148.8   193.6   204.5   261.9   296.4   321.2   344.4   376.4   420.9   477.2   565.8  1053.0  7848.0  95728.0    95681
read      339.0   178.4   148.8   200.5   213.1   311.4   385.0   422.4   445.3   467.7   493.2   526.0   586.1  1234.4  8038.2  33014.2    33003
read      290.5   173.9   148.8   193.7   204.7   263.4   297.2   321.2   343.2   372.9   416.0   473.3   564.2  1078.5  8361.7  98703.0    98809
read      313.5   157.4   148.8   195.1   206.7   277.0   328.9   369.4   401.6   440.1   480.2   526.2   593.1  1056.1  6038.9  64585.8    64610
read      319.7   205.5   148.8   195.0   206.8   284.1   343.4   386.5   417.5   449.6   482.4   522.2   589.2  1007.8  8098.6  51343.8    51183
read      343.6   190.5   148.8   207.2   222.0   333.0   387.9   411.4   426.4   442.6   461.7   490.5   549.5  2272.3  8279.9  20270.4    20194
read      342.7   286.9   160.7   233.8   255.8   325.4   353.8   368.2   378.3   391.2   404.1   431.5   520.4  4274.1 12311.6   7578.2     7602
read      340.9   172.8   148.8   202.8   215.8   316.0   378.5   413.5   438.4   465.6   495.9   535.7   617.2   985.2  7954.3  46745.8    46677
read      336.2   303.2   173.5   241.5   260.5   318.0   340.9   354.0   363.6   373.2   389.5   411.8   511.3  4059.6 13495.6   5511.2     5577
read      354.2   176.3   148.8   207.5   224.3   346.6   398.0   423.4   439.7   458.0   478.7   507.4   575.4  1117.4  8713.3  22946.0    23035
read      326.4   157.7   148.8   197.8   210.0   295.7   355.5   392.5   419.4   449.7   483.5   527.6   605.1  1201.1  6743.5  57445.4    57516
read      315.2   154.5   148.8   195.7   207.6   283.5   336.7   373.1   401.2   434.1   469.7   513.0   590.6  1144.0  6530.5  62926.2    62851
read      338.4   231.8   148.8   199.1   211.6   305.1   375.2   414.7   440.1   465.9   494.8   532.6   606.6  2361.6  9785.1  38464.4    38431
read      338.2   189.3   148.8   202.2   215.3   320.4   383.1   411.9   429.0   448.0   468.4   500.0   566.0  1620.3  7857.6  25736.2    25729
read      340.8   173.0   148.8   207.3   222.0   332.5   383.5   405.8   420.4   435.1   455.1   481.4   545.2  1532.4  7759.2  19562.4    19443
read      343.0   240.1   148.8   207.3   222.2   333.7   384.8   406.9   421.4   435.8   456.4   483.5   541.1  2951.4  9176.1  19610.8    19461
read      323.1   184.1   148.8   195.4   207.3   290.5   355.3   396.5   422.9   449.5   477.5   511.0   581.5  1520.7  6446.4  42246.2    42341
read      338.7   366.2   160.7   238.1   258.0   316.5   339.5   352.2   361.8   371.4   386.9   407.8   521.4  5805.4 17087.7   5719.4     5691
read      344.4   252.4   148.8   203.0   216.1   320.7   381.4   414.7   437.5   462.5   490.6   527.7   599.3  2154.0  9491.5  40081.0    40223
read      347.2   172.5   148.8   203.9   218.5   333.5   391.0   421.4   441.4   462.4   487.1   519.8   587.5  1032.8  7687.7  29989.8    29941
read      339.4   213.5   148.8   200.3   213.1   313.7   377.4   413.9   438.9   465.3   495.4   534.2   604.3  1040.6  9699.0  41294.2    41162
read      338.7   175.6   148.8   200.0   212.8   309.8   375.3   413.9   440.2   467.7   499.2   539.7   612.6  1412.3  6690.0  43801.2    43863
read      352.8   238.2   148.8   208.6   225.5   343.8   394.6   418.6   434.0   451.5   469.5   499.6   558.5  1609.8 12084.8  20423.6    20318
read      292.5   153.4   148.8   194.4   205.5   265.3   300.9   326.7   348.9   380.5   423.2   478.1   563.1   887.3  5243.3  92989.0    93421
read      322.9   184.1   148.8   195.6   207.6   287.9   348.8   391.5   421.2   452.0   484.4   524.3   592.7  1686.6  6687.1  48753.0    48578
read      330.3   165.9   148.8   197.7   210.1   296.9   365.8   408.1   435.2   462.0   491.0   527.9   592.5  1641.7  5463.6  40585.2    40595
read      339.2   203.4   148.8   210.0   224.6   334.4   380.2   399.8   413.3   427.6   445.1   469.0   528.4  1232.1  9000.8  17605.4    17677
read      301.4   176.5   148.8   194.1   205.5   269.5   311.7   343.5   371.7   407.2   451.5   501.6   579.9  1088.1  5514.6  79086.8    78948
read      343.6   240.6   160.7   224.9   245.8   334.0   365.3   380.8   391.3   401.8   420.1   447.0   528.6  4263.2 11123.6   9658.8     9703
read      346.9   327.0   160.7   225.3   247.3   333.1   364.4   380.0   391.0   401.9   419.4   442.5   513.8  4211.4 15159.9   9685.0     9686
read      336.7   239.8   160.7   230.2   252.5   322.9   350.0   364.3   373.2   386.0   399.5   425.4   512.7  4309.8 12923.9   7937.4     7968
read      347.6   186.9   148.8   213.8   234.5   341.2   382.1   400.9   414.5   428.9   447.7   472.2   538.3  1583.8  7874.2  15910.4    15830
read      336.2   230.8   160.7   230.7   253.3   324.5   352.2   366.6   376.0   389.2   402.5   429.0   501.2  3487.2 10210.8   8222.0     8192
read      306.9   145.2   148.8   196.8   208.2   274.5   318.1   351.1   379.1   414.6   458.4   508.6   590.5  1127.7  5437.2  79485.2    79410
read      302.3   135.0   148.8   194.2   205.4   269.6   313.4   346.4   375.9   413.1   457.1   507.1   584.6   996.3  4330.2  76474.0    76582
read      317.4   236.6   148.8   194.8   206.3   280.6   338.3   380.1   411.5   445.1   479.8   521.1   590.0  1138.7  8127.7  54454.2    54634
read      304.5   148.0   148.8   194.2   205.5   270.2   315.8   351.7   382.6   420.7   463.9   511.5   587.4   792.2  6219.6  72055.6    72177
read      341.1   211.3   160.7   211.5   226.4   336.2   378.9   397.1   409.5   424.0   439.7   466.7   530.8  2182.1  9194.5  15102.8    15101
read      342.8   380.8   160.7   229.4   251.6   325.0   355.4   370.3   381.0   392.9   405.1   431.2   513.7  4836.5 12864.2   8108.0     8167
read      340.4   188.7   148.8   202.4   214.8   316.4   378.4   413.1   438.0   464.5   493.7   531.9   606.5  1114.8  8130.1  44119.8    44130
read      333.6   170.0   148.8   200.6   212.8   305.4   366.3   402.1   428.7   457.6   490.3   532.2   610.9  1421.6  5862.4  53084.6    53047
read      289.9   140.3   148.8   193.6   204.6   262.9   297.0   321.8   344.2   374.8   418.3   475.9   564.6   951.6  5490.3  97267.4    97171
read      301.5   145.9   148.8   196.2   207.8   271.2   311.7   342.0   369.0   403.3   446.8   498.2   582.4   973.2  5312.7  81315.2    81360
read      307.3   209.5   148.8   196.5   208.0   272.9   316.6   350.1   379.1   415.8   459.7   510.1   596.3  1087.2  8960.8  77210.0    77277
read      338.0   208.9   148.8   202.5   215.0   305.1   373.3   412.6   438.3   464.0   492.7   531.3   613.9  1474.5  8919.1  38167.8    38294
read      345.5   283.1   160.7   221.1   239.3   335.3   368.5   385.3   396.3   409.1   427.1   454.8   537.0  3642.9 11717.2  11092.2    11165
read      303.2   184.5   148.8   193.9   205.0   271.5   316.8   349.8   377.3   409.9   448.1   495.4   577.2  1121.5  9493.6  73997.4    74155
read      340.8   244.4   160.7   214.6   231.9   333.3   368.7   385.7   396.7   409.4   426.7   452.9   524.4  3608.2  9099.2  12243.0    12255
read      326.9   147.5   148.8   198.6   210.5   296.9   357.6   394.8   422.0   452.0   485.0   526.3   593.6  1261.6  5383.0  52384.0    52404
read      349.0   230.9   160.7   210.2   228.1   340.9   384.9   405.0   419.7   434.5   454.7   481.6   544.3  3013.5 12025.6  17027.0    17057
read      341.0   450.9   173.5   238.5   257.6   315.1   338.8   352.2   362.4   372.6   389.8   415.7   511.7  7578.2 17378.9   6074.8     6005
read      295.1   180.7   148.8   192.6   203.6   264.5   303.8   333.3   358.7   392.1   434.4   487.9   572.6  1096.3  6830.1  85722.6    85707
read      297.0   132.2   148.8   192.5   203.5   265.4   306.9   338.7   366.7   402.2   446.4   498.3   579.3  1025.5  5009.2  79785.0    79742
read      311.7   150.8   148.8   194.1   205.6   277.1   331.0   371.1   402.0   435.9   471.3   513.7   584.8  1157.6  4682.1  58285.4    58322
read      337.9   176.6   148.8   202.2   214.8   317.9   384.0   414.0   432.2   451.4   471.1   502.0   562.6  1709.2  7869.6  26258.6    26212
read      307.8   137.3   148.8   194.7   206.2   273.5   320.7   358.6   389.5   426.8   468.3   516.8   588.9   866.3  4853.4  69609.6    69487
read      335.1   208.8   148.8   199.8   212.4   311.6   379.5   412.0   432.0   452.6   474.0   505.1   569.4  1186.0  8754.4  29433.4    29507
read      317.3   156.3   148.8   194.2   205.9   282.3   341.3   384.6   415.5   448.5   482.4   523.1   590.6  1049.5  4910.7  51448.8    51412
read      307.7   179.7   148.8   194.1   205.4   272.7   320.5   358.7   389.2   424.9   464.0   508.6   584.2  1347.2  8156.2  67477.6    67374
read      312.9   148.0   148.8   193.9   205.3   278.4   334.8   374.9   405.4   439.7   474.8   515.6   583.8   898.3  5678.5  55206.6    55125
read      319.5   171.6   148.8   196.2   207.8   284.4   342.8   384.7   415.4   448.2   482.8   524.9   592.6   938.6  7630.2  53065.0    53048
read      341.2   283.0   160.7   216.2   232.6   331.6   365.3   381.7   392.8   403.9   423.2   451.3   529.0  4148.5 13238.0  12258.4    12192
read      328.5   174.5   148.8   197.7   210.2   306.5   365.8   399.2   421.7   445.0   469.2   502.1   568.6  1216.0  8318.0  36155.6    36138
read      314.2   199.4   148.8   195.0   206.6   280.6   334.8   372.3   400.5   434.4   470.6   513.5   586.5   981.9  7613.2  60935.8    60799
read      332.8   174.5   148.8   197.4   210.1   305.2   370.7   408.5   432.9   457.5   484.8   520.0   587.0  1702.3  7454.1  36355.4    36368
read      328.8   193.9   148.8   195.9   208.2   298.6   364.7   404.6   431.0   457.3   485.8   521.7   586.6  1375.9  7280.7  39661.6    39729
read      288.3   142.7   148.8   192.5   203.3   260.4   295.5   320.8   343.9   375.0   418.9   474.7   560.1   925.8  5375.5  95589.6    95693
read      324.5   162.5   148.8   195.7   207.7   292.7   357.8   398.7   425.8   452.9   481.3   516.5   584.8  1248.0  6031.8  40969.4    40999
read      304.3   177.9   148.8   191.9   203.0   269.3   317.4   354.7   385.6   422.0   461.4   505.9   580.3  1018.4  8407.7  65051.8    65037
read      337.1   195.3   160.7   215.7   232.4   332.3   368.4   385.7   396.7   409.2   425.7   450.4   513.0  1636.3  9426.7  12570.0    12633
read      319.3   145.2   148.8   194.9   206.8   290.1   348.7   386.1   412.9   442.6   473.9   511.5   581.0  1100.9  4942.1  49968.0    50117
read      311.8   152.4   148.8   194.3   205.9   279.4   331.8   369.2   398.1   432.0   469.9   512.8   583.4   841.6  5489.1  62735.8    62765
read      344.6   307.6   148.8   216.6   233.8   331.2   367.2   384.2   394.9   406.4   423.7   447.5   523.9  4364.1 12889.8  12326.2    12379
read      319.1   143.0   148.8   194.7   206.6   290.5   349.0   386.4   413.2   442.6   473.4   509.6   579.6  1061.5  4311.6  49686.2    49369
read      331.7   177.0   148.8   197.3   209.9   305.4   368.5   405.4   430.2   456.0   483.8   517.5   586.1  1380.0  7043.9  39055.8    39111
read      316.8   165.7   148.8   194.9   206.6   285.5   342.0   379.4   406.7   438.0   470.9   508.9   580.8  1272.5  6694.8  52958.2    52692
read      335.8   183.6   148.8   202.1   215.4   320.5   378.6   405.9   422.9   440.5   461.1   491.0   547.9  1742.1  7878.6  24644.6    24539
read      310.0   149.0   148.8   194.4   205.8   276.6   328.6   366.5   395.9   430.6   468.0   508.9   580.6   860.4  6001.7  61598.6    61591
read      317.6   203.3   148.8   194.3   205.7   283.9   342.8   382.4   410.9   441.2   470.5   506.2   576.0  1508.3  9277.7  47682.8    47864
read      333.8   224.0   148.8   208.8   223.4   327.8   371.8   390.5   402.0   416.5   431.9   458.9   516.6  1535.4  8923.9  16480.2    16479
read      296.6   146.9   148.8   192.8   203.7   265.0   307.3   340.0   368.1   402.8   444.4   491.2   560.5  1012.9  4055.7  75170.8    75268
read      335.1   269.8   160.7   225.7   246.1   321.6   351.2   365.5   374.5   387.0   399.6   423.6   484.5  4828.0 11802.0   8709.2     8714
read      342.4   254.5   160.7   218.6   241.1   332.0   369.4   387.2   398.2   411.3   427.1   450.7   503.5  3254.0 10161.3  12966.2    13002
read      303.2   162.2   148.8   194.5   205.6   271.5   317.0   350.8   377.6   411.1   451.1   498.2   573.7  1038.3  7018.2  77136.6    77147
read      319.0   182.3   148.8   194.1   205.9   287.4   349.1   390.8   419.0   447.2   475.6   508.0   577.1   906.0  7106.5  43699.2    43518
read      329.8   214.5   148.8   200.9   213.4   310.2   371.3   400.2   417.7   435.1   456.0   482.6   535.8  1298.8 10447.0  27162.2    27206
read      306.3   156.1   148.8   192.6   203.7   273.3   327.2   364.6   393.2   424.5   457.5   495.8   556.2  1233.5  5496.4  56094.6    55859
read      324.2   179.3   148.8   196.3   208.3   294.9   361.1   399.3   423.9   448.9   474.4   506.1   568.8   935.4  8445.2  37300.0    37448
read      317.1   163.1   148.8   194.0   205.5   284.7   345.0   385.2   413.6   442.7   470.9   505.0   572.4  1632.9  6824.1  44976.8    45026
read      283.9   133.0   148.8   192.8   203.4   257.3   291.4   315.9   337.4   366.2   405.3   460.1   540.6   915.1  5623.9  99985.8    99974
read      300.3   145.3   148.8   192.0   202.9   266.7   315.3   352.0   381.4   415.7   453.5   496.0   565.3  1094.9  4928.6  64659.6    64632
read      313.1   150.2   148.8   193.3   204.7   280.2   338.4   377.9   407.4   438.0   468.6   505.3   576.9  1147.6  5667.4  48800.4    49061
read      297.5   168.0   148.8   192.9   204.0   265.7   306.9   338.5   365.8   400.3   444.0   495.4   573.6   978.3  5772.5  80320.2    80418
read      333.7   197.6   148.8   208.9   223.5   327.3   370.2   389.5   401.6   416.1   431.5   457.6   509.3  2334.0  9399.9  16532.2    16471
read      322.8   228.4   148.8   194.6   206.6   294.0   357.0   393.6   416.6   439.8   463.0   495.1   559.8  2184.7  8815.7  35711.2    35694
read      338.6   240.9   148.8   212.9   229.1   330.7   368.9   386.4   397.5   410.5   427.0   452.2   509.6  3950.6 10941.8  13922.4    13935
read      295.5   137.8   148.8   192.1   203.0   265.2   306.5   337.6   364.3   398.6   441.4   491.2   568.6   846.8  5727.1  79599.8    79838
read      314.1   155.6   148.8   193.4   204.8   281.0   339.5   380.2   409.7   440.6   471.2   508.3   579.2  1002.8  7285.4  48898.8    48842
read      334.4   190.5   148.8   207.8   222.2   327.6   374.7   394.6   407.4   421.9   436.4   463.1   517.1  1514.5  9292.7  17713.0    17708
read      325.7   178.5   148.8   197.8   210.1   302.4   366.7   399.7   419.8   440.0   462.3   492.6   546.2  1126.0  8720.8  31494.2    31401
read      308.4   173.2   148.8   193.0   204.2   272.9   324.3   363.2   393.4   428.2   465.7   508.0   585.4  1372.8  7536.4  61994.0    62091
read      291.6   334.4   148.8   192.5   203.3   262.0   299.5   328.8   354.4   388.5   432.1   485.5   561.4   836.4  3917.1  87419.6    87121
read      295.9   158.3   148.8   192.4   203.3   263.9   304.6   336.0   363.7   399.6   444.1   496.0   577.3   980.2  5046.4  81831.2    81929
read      324.4   663.4   148.8   195.0   207.0   290.3   353.6   394.2   421.2   448.6   477.2   511.4   583.8  1665.6  6363.4  42042.8    42013
read      295.8   159.5   148.8   195.4   206.7   267.0   303.7   330.9   354.6   386.6   428.6   482.7   572.8  1185.0  7698.6  90614.4    90709
read      310.0   394.0   148.8   195.4   207.2   275.3   324.3   361.4   390.8   425.7   465.1   508.8   582.9   972.7  6685.4  67397.0    67578
read      317.7   421.1   148.8   195.9   208.1   282.3   337.6   376.3   406.6   441.2   476.5   519.4   594.5  1151.4  8851.5  58085.8    58116
read      306.2   136.5   148.8   193.8   205.1   271.8   320.1   358.3   389.3   426.4   467.1   512.9   585.8   912.2  5180.2  68757.0    68886

Total QPS = 50326.5 (90587680 / 1800.0s)

Total connections = 64
Misses = 90587680 (100.0%)
Skipped TXs = 0 (0.0%)

RX  271763040 bytes :    0.1 MB/s
TX          0 bytes :    0.0 MB/s
Warning! Detected max cpu usage > 95%
CPU Usage Stats (avg/min/max): 99.96%,46.19%,100.00%