Random waveform, supplied seed
Total number of intervals = 200 (7434, 67201, 85927, 63953, 31595, 87879, 7287, 62295, 6561, 22532, 60653, 59076, 60154, 22964, 8172, 27652, 37594, 24367, 33771, 84944, 85666, 51918, 34406, 28664, 38289, 20658, 13840, 93419, 98284, 71313, 42089, 46458, 30755, 42889, 93552, 65694, 29574, 51355, 67361, 16287, 81508, 87619, 99068, 51267, 11822, 97494, 97350, 55460, 85984, 82043, 52873, 13911, 49984, 9274, 27187, 18735, 86505, 93039, 75999, 32324, 84255, 81759, 37291, 53818, 30297, 31569, 38927, 10652, 98119, 48176, 34929, 69735, 20753, 84642, 42333, 61587, 77998, 97625, 23781, 66723, 31016, 47394, 95335, 5252, 65908, 16889, 42912, 99898, 26385, 22616, 50605, 90283, 26273, 48521, 34058, 75648, 19482, 15054, 75754, 5187, 17656, 96343, 36665, 85269, 31525, 61798, 12253, 25710, 79937, 7271, 85861, 91467, 72217, 31080, 76878, 84584, 12492, 57106, 96245, 6791, 90728, 5151, 82969, 42635, 99337, 95192, 69200, 49459, 29055, 64324, 5705, 84816, 23714, 74116, 19948, 44213, 19454, 7190, 47657, 44399, 6481, 5807, 83137, 9580, 37385, 33706, 35204, 50438, 48878, 42682, 27416, 64424, 64364, 5481, 26227, 26586, 86286, 24452, 26832, 29795, 46224, 84587, 63389, 46953, 90536, 12508, 38491, 97806, 11813, 39665, 53571, 63215, 78767, 8615, 67903, 16398, 53434, 38068, 9130, 69227, 37496, 83925, 51037, 33690, 51474, 73708, 98618, 81977, 91567, 48236, 91726, 52458, 70467, 71151, 65016, 42057, 78821, 60720, 39911, 10628)
Average QPS expected = 50559
Timestamp start: 1684523431452
Timestamp end: 1684524431931

#type       avg     std     min      p5     p10     p50     p67     p75     p80     p85     p90     p95     p99    p999   p9999      QPS   target
read      458.1   574.9   173.5   255.7   281.0   413.5   470.5   501.0   522.2   545.1   578.1   634.7   996.0  9027.4 24758.7   7325.6     7434
read      497.6  1020.0   160.7   219.6   233.4   347.8   423.7   481.1   527.6   583.3   657.2   849.3  3550.8 12885.9 32365.0  67119.4    67201
read      353.3   439.8   160.7   210.2   222.4   301.7   352.0   384.9   411.9   451.5   506.0   583.6   791.4  5453.9 20920.9  85925.6    85927
read      374.5   384.1   160.7   211.5   224.0   313.4   375.9   421.1   463.1   517.3   579.3   654.2   864.0  4837.0 13003.3  63830.6    63953
read      576.3  1244.0   160.7   216.7   231.9   405.1   533.4   607.8   661.3   723.7   796.5   934.5  4614.9 17463.3 36278.3  31600.2    31595
read      398.0   563.8   160.7   219.5   232.8   333.2   395.8   438.6   472.7   515.2   572.5   663.2  1035.7  8176.7 30801.1  87800.0    87879
read      824.0  2516.0   173.5   255.3   281.1   456.8   544.6   590.3   624.9   666.4   727.0   984.1 10907.6 34627.9 52724.0   7306.4     7287
read      379.3   267.1   160.7   218.7   231.0   331.4   399.4   448.6   489.7   537.5   593.5   666.5   806.8  2306.3  9490.6  62100.2    62295
read      441.3   514.7   173.5   256.0   279.4   393.1   441.0   469.6   490.9   514.1   546.7   612.6  1321.5  8079.9 19803.9   6557.2     6561
read      440.6   607.6   173.5   220.8   234.5   366.3   471.6   518.8   547.2   578.0   614.8   676.3  1661.0  7409.7 29280.6  22488.6    22532
read      370.8   240.6   160.7   215.5   227.8   319.7   385.0   432.7   476.0   528.5   587.6   659.1   798.5  2430.2  7947.4  60904.2    60653
read      377.7   311.2   160.7   215.1   227.5   321.7   389.6   438.8   484.7   537.4   596.3   669.2   831.0  3903.6  7984.5  59130.8    59076
read      375.7   417.4   160.7   210.9   223.2   310.0   371.0   418.8   465.4   522.8   581.5   651.7   917.4  4882.1 18490.6  60078.6    60154
read      581.3  1270.8   160.7   219.3   235.4   404.4   535.4   604.8   648.8   695.4   750.7   862.2  5281.7 20399.9 36889.6  22939.0    22964
read      655.3  1907.1   173.5   234.1   255.4   409.6   484.9   519.8   543.8   574.4   617.9   849.6  6865.2 31756.8 37077.2   8114.2     8172
read      426.8   599.6   160.7   216.9   230.0   347.6   458.5   515.6   549.2   583.5   623.0   683.6  1157.9  8632.4 31099.1  27661.2    27652
read      404.6   476.8   160.7   211.6   224.5   322.2   416.5   491.5   534.4   576.6   622.6   685.3  1097.7  4915.4 24278.8  37610.4    37594
read      401.7   339.5   160.7   214.1   226.8   345.8   452.8   501.5   530.0   559.6   593.1   641.8   863.7  4513.6 12403.9  24421.0    24367
read      399.7   463.2   160.7   210.4   223.0   320.5   420.7   487.1   523.9   560.4   600.5   657.8  1107.2  4925.9 15431.6  33566.8    33771
read      361.4   440.4   160.7   211.8   224.0   307.7   360.2   393.6   422.5   462.9   518.2   598.3   840.7  5031.0 16211.3  84879.4    84944
read      348.0   311.7   160.7   210.1   222.2   299.8   349.1   381.6   408.2   449.0   505.3   586.0   809.9  4571.4  9706.3  85516.2    85666
read      376.8   220.9   160.7   216.9   229.2   326.5   395.8   452.4   500.5   551.2   604.5   666.7   789.5  1466.3  9821.5  51954.0    51918
read      422.4   331.3   160.7   221.9   236.3   355.2   464.7   533.2   573.6   614.3   658.6   720.9   944.1  4129.5 10205.7  34498.4    34406
read      417.1   293.5   160.7   222.1   236.9   360.3   484.8   543.4   577.4   611.4   647.4   700.1   823.7  1700.6 12752.6  28682.4    28664
read      419.1   337.8   160.7   221.3   235.7   353.6   457.0   529.5   574.0   617.9   664.9   726.7   888.2  4010.7 12496.7  38132.6    38289
read      433.1   252.9   173.5   226.5   242.6   394.7   515.4   559.2   587.0   617.4   651.6   699.9   806.5  2646.1 10405.5  20652.6    20658
read      437.4   301.6   173.5   233.8   252.1   421.7   502.3   535.2   556.8   581.3   611.9   657.8   786.3  3870.0 12736.8  13870.8    13840
read      345.3   201.5   160.7   216.2   228.0   311.1   361.7   393.1   419.3   455.3   503.9   580.5   731.7  1529.2  8309.8  93186.2    93419
read      345.2   209.7   160.7   216.3   228.2   311.5   360.4   390.4   414.9   449.3   496.8   572.2   734.9  2064.8  8101.4  98004.4    98284
read      368.6   203.9   160.7   217.9   230.0   323.3   387.9   430.8   467.6   514.1   573.2   650.9   800.8  1695.0  8053.8  71380.8    71313
read      407.4   265.0   160.7   220.8   234.4   346.5   438.1   511.6   558.0   604.6   652.6   716.2   859.1  2974.8  9142.1  41998.8    42089
read      398.9   252.2   160.7   219.0   231.3   340.3   423.5   493.7   544.0   594.7   645.7   709.7   853.4  2842.9  9058.2  46190.2    46458
read      433.1   437.7   173.5   219.6   232.4   351.4   479.4   543.0   580.5   618.7   661.7   726.1  1298.6  4594.4 18003.5  30771.6    30755
read      419.9   416.6   160.7   218.5   230.9   338.1   429.1   504.6   553.4   601.2   651.3   721.1  1393.1  4743.5 12640.0  42883.2    42889
read      370.7   379.5   160.7   218.9   230.9   322.7   378.5   412.8   441.5   478.5   529.1   608.7   873.4  4561.5 13538.9  93557.8    93552
read      380.0   287.6   160.7   217.4   229.3   323.5   388.5   433.3   474.6   526.4   587.3   665.4   958.7  3830.4  8804.8  65793.6    65694
read      440.6   480.9   173.5   220.9   234.7   356.4   489.0   550.8   586.7   623.1   665.2   730.5  1282.5  6860.5 16074.9  29565.0    29574
read      404.6   397.4   160.7   218.7   231.0   333.9   410.5   476.2   527.0   579.7   635.6   703.0  1049.9  4836.7 12645.8  51386.2    51355
read      379.3   287.7   160.7   217.4   229.4   323.9   388.5   432.9   473.4   525.7   587.2   664.6   871.5  4112.2  9069.0  67279.2    67361
read      451.4   552.7   173.5   226.0   241.5   408.7   499.6   535.3   558.6   584.8   619.8   681.0  1304.7  6944.0 30750.7  16194.8    16287
read      368.1   314.1   160.7   217.0   228.9   318.6   376.1   413.2   444.7   486.2   541.5   623.7   858.1  4163.9 10426.2  81465.4    81508
read      370.4   333.1   160.7   219.1   231.2   323.8   381.5   417.5   447.5   486.0   538.2   619.7   852.4  4028.1 11542.1  87652.6    87619
read      364.9   358.1   160.7   219.0   231.2   321.4   374.5   406.3   434.1   468.2   513.9   588.1   804.4  4593.0 11598.8  99147.0    99068
read      410.6   469.7   160.7   219.5   232.0   337.9   416.8   480.6   531.5   585.7   640.9   713.3   980.0  5456.1 19981.6  51386.8    51267
read      455.0   439.5   173.5   236.3   255.1   428.6   505.1   536.6   557.8   583.0   617.2   676.4  1151.2  5039.1 18347.0  11794.4    11822
read      360.4   284.4   160.7   218.9   231.0   319.7   371.8   402.9   430.7   465.4   512.5   588.9   794.4  4158.7  6441.8  97450.8    97494
read      355.4   379.0   160.7   216.4   228.4   312.7   362.6   392.4   416.5   449.8   496.0   570.5   783.5  4342.5 15434.3  97387.2    97350
read      389.2   376.3   160.7   216.8   228.6   325.5   396.1   453.4   504.5   560.8   619.6   686.5   879.1  3931.0 12860.2  55394.4    55460
read      362.7   362.1   160.7   216.4   228.1   314.3   368.4   401.9   431.7   470.4   525.0   606.4   832.8  5003.0 13034.5  85770.2    85984
read      370.6   386.1   160.7   216.7   228.5   316.0   371.6   407.0   439.5   482.4   539.2   622.8   911.8  5052.5 13390.8  82048.0    82043
read      389.7   282.0   160.7   217.0   229.0   329.4   401.9   461.2   511.3   565.7   620.1   685.7   868.3  3888.1  8306.8  52970.2    52873
read      452.5   569.9   173.5   229.4   246.2   418.3   497.4   530.4   551.0   577.6   610.3   667.0  1095.0  6819.6 29635.6  13719.2    13911
read      401.9   416.4   160.7   216.5   228.8   330.8   405.5   471.4   524.4   577.8   630.6   695.0   995.1  4879.8 17625.7  49770.0    49984
read      442.4   373.3   173.5   243.1   264.3   418.2   481.4   509.6   530.8   552.6   583.5   635.9   862.9  7136.3 13606.4   9316.4     9274
read      444.9   362.5   173.5   225.8   242.1   383.0   498.1   552.5   587.1   624.3   668.0   734.6  1126.7  4198.4 12425.9  27121.0    27187
read      461.7   485.4   160.7   232.6   250.0   422.0   529.0   569.3   594.5   623.1   656.7   710.0   989.7  5015.5 29718.5  18711.0    18735
read      361.8   200.9   160.7   219.5   232.0   320.6   376.8   413.2   444.6   485.0   538.8   620.6   809.4  2357.0  7791.4  86381.4    86505
read      377.3   334.5   160.7   220.6   234.3   331.1   388.8   425.6   455.8   493.7   543.8   625.4   935.7  3868.3 12059.7  93054.2    93039
read      391.3   473.1   160.7   217.4   229.5   326.9   392.1   436.5   474.2   520.9   581.2   671.6  1071.6  5726.0 19712.6  76063.4    75999
read      436.8   610.0   160.7   219.3   232.1   350.1   465.4   529.1   567.8   607.3   650.8   720.5  1181.1  8259.4 31286.3  32387.2    32324
read      382.5   491.0   160.7   216.6   228.8   319.9   377.5   414.9   446.8   488.1   542.9   628.2  1074.2  6010.8 26752.7  84191.4    84255
read      420.7   740.7   160.7   218.7   231.3   330.9   392.7   432.7   466.2   509.6   572.6   678.7  1951.1  7890.5 32158.8  81776.2    81759
read      444.0   634.5   173.5   216.9   229.6   342.4   447.1   519.2   564.0   609.7   660.5   744.1  1874.4  6657.4 31369.5  37337.0    37291
read      410.4   551.7   160.7   216.8   229.3   334.0   406.6   465.6   512.8   565.6   624.0   699.6  1105.9  6656.1 28240.2  53766.4    53818
read      434.5   454.6   160.7   217.9   230.4   346.8   466.3   528.1   565.1   603.5   647.2   722.8  1773.8  5267.1 15419.3  30236.4    30297
read      427.2   462.9   173.5   218.9   231.6   345.7   460.5   524.1   562.0   600.6   642.0   711.8  1250.6  4725.6 15807.4  31536.2    31569
read      427.9   582.0   160.7   217.4   230.0   338.6   433.5   506.2   551.0   594.7   643.2   715.4  1277.7  6269.0 29330.1  38814.8    38927
read      447.1   472.6   173.5   238.7   258.9   407.9   472.9   503.2   524.9   548.0   582.4   639.0  1022.3  7516.8 11008.1  10634.8    10652
read      378.5   462.2   160.7   219.1   231.7   328.4   383.6   418.5   447.1   483.0   531.4   610.1   880.7  5846.8 19185.0  97813.6    98119
read      420.7   551.8   160.7   218.8   231.4   341.0   423.6   489.3   538.0   588.9   641.9   718.8  1182.7  6688.7 30407.8  48110.8    48176
read      434.5   634.9   160.7   216.2   229.2   340.7   446.3   516.7   557.5   597.9   642.7   715.0  1440.0  8531.0 31245.2  34668.8    34929
read      378.0   418.6   160.7   214.2   226.6   316.7   376.0   418.0   456.1   506.1   567.2   647.4   984.2  4978.5 13962.2  69882.6    69735
read      436.2   529.2   173.5   220.7   234.5   374.1   479.9   521.8   548.2   578.0   614.7   674.6  1217.6  8565.6 20156.2  20684.4    20753
read      384.7   538.7   160.7   216.6   228.9   322.7   379.7   416.9   448.2   488.2   542.0   625.4  1055.2  7953.3 23562.1  84777.4    84642
read      422.5   613.3   160.7   217.1   229.8   335.6   422.5   494.1   542.0   589.7   640.0   711.0  1187.8  8954.6 30687.5  42297.0    42333
read      392.4   500.7   160.7   215.2   227.7   323.8   390.1   436.9   480.7   533.9   593.6   671.9   993.7  5532.8 30124.6  61817.8    61587
read      369.6   322.1   160.7   214.9   227.1   316.4   374.2   412.1   445.5   489.7   547.3   631.0   941.9  3992.3 10972.0  78093.0    77998
read      368.8   455.6   160.7   216.8   229.1   318.7   371.8   404.1   432.8   468.3   516.4   592.4   858.1  5262.1 19505.3  97828.8    97625
read      431.1   485.3   173.5   219.6   232.9   363.7   481.4   531.3   561.2   591.8   630.0   690.2  1206.0  4662.3 29472.9  23727.2    23781
read      387.2   481.2   160.7   215.0   227.4   321.5   385.2   429.2   468.1   517.4   577.2   654.9  1023.7  5435.2 27970.5  66685.4    66723
read      419.7   492.6   173.5   215.7   228.7   340.5   453.4   517.0   553.2   590.8   633.0   696.5  1075.0  4953.7 26621.3  30891.6    31016
read      409.6   444.9   160.7   215.2   227.8   331.5   409.2   475.8   526.3   578.9   632.7   710.8  1356.2  4718.5 18189.0  47366.0    47394
read      353.3   342.9   160.7   213.9   226.3   310.7   361.0   392.0   417.6   452.4   499.6   576.2   785.2  4073.0 11697.5  95126.0    95335
read      442.5   696.3   187.4   260.6   283.9   377.0   417.7   444.8   466.4   491.6   524.0   584.0  1535.6  9298.2 29396.2   5222.2     5252
read      384.7   408.9   160.7   215.6   228.0   322.8   386.1   431.2   472.0   524.2   585.3   664.4   994.1  4546.9 14053.6  65812.6    65908
read      435.1   448.3   173.5   224.1   239.9   395.0   484.4   521.5   544.7   572.2   605.0   660.6  1070.4  5301.4 19448.2  16900.4    16889
read      424.6   570.9   160.7   215.6   228.4   335.4   422.9   494.6   542.4   589.7   640.8   719.9  1471.5  5908.4 30770.6  42939.0    42912
read      364.7   365.0   160.7   215.7   228.2   318.9   371.4   403.5   431.9   466.6   513.3   590.6   837.8  5050.7  9906.0 100051.8    99898
read      427.5   481.8   173.5   218.3   231.0   352.4   472.2   526.0   557.4   589.2   628.3   688.4  1254.0  4926.7 15967.3  26502.6    26385
read      423.9   401.7   173.5   218.4   231.2   364.4   474.2   519.6   546.9   577.0   613.0   672.9  1146.3  5091.9 12896.1  22575.8    22616
read      393.3   384.7   160.7   214.2   226.8   326.4   398.5   459.4   508.7   560.6   615.3   683.0   921.1  4176.4 12685.6  50515.2    50605
read      369.7   435.1   160.7   215.5   227.9   319.2   374.3   408.7   437.2   473.2   523.5   600.6   833.5  5840.6 14081.6  90099.6    90283
read      428.5   471.9   160.7   218.7   231.2   352.9   469.9   522.6   554.9   588.0   626.3   682.8  1236.2  6004.3 12811.6  26217.8    26273
read      399.4   450.7   160.7   213.6   226.4   327.4   402.0   467.4   516.7   567.8   622.7   690.3  1007.4  4654.8 20337.1  48418.0    48521
read      413.3   390.5   160.7   215.1   227.8   334.9   439.9   510.7   549.4   589.3   632.7   696.4  1194.6  4635.4 13850.4  34191.0    34058
read      378.2   491.3   160.7   214.4   226.9   317.2   374.5   413.1   447.0   492.1   549.9   631.9   933.2  5461.2 23617.8  75303.4    75648
read      430.8   431.3   173.5   221.7   236.0   379.0   479.6   520.8   545.7   574.5   610.3   673.1  1331.9  5360.4 15597.1  19585.0    19482
read      426.3   373.6   173.5   224.9   241.4   396.2   476.3   509.7   532.5   557.2   589.2   643.4   911.1  4326.4 15260.5  15027.0    15054
read      371.5   460.8   160.7   213.1   225.5   313.7   370.6   406.6   440.1   486.6   546.5   626.0   873.2  5445.4 19045.9  75639.8    75754
read      413.4   420.5   187.4   259.2   282.5   374.8   414.4   439.5   461.3   486.7   518.8   575.3   880.2  5955.6 16019.4   5248.6     5187
read      438.9   521.4   173.5   226.5   243.4   390.8   481.9   521.6   546.7   575.5   610.5   669.7  1118.5  5396.9 30205.3  17625.2    17656
read      368.9   358.7   160.7   217.8   230.2   323.2   377.0   410.6   438.6   474.5   523.9   600.3   867.4  4990.1  9469.5  96477.4    96343
read      413.4   490.6   160.7   214.4   227.2   330.9   428.0   500.2   541.6   585.2   631.7   693.4  1228.7  4545.2 24894.8  36763.6    36665
read      368.2   433.6   160.7   214.1   226.4   314.3   368.2   401.7   431.8   470.5   523.9   605.5   960.8  5362.3 15178.8  85244.8    85269
read      414.8   431.5   160.7   214.7   227.3   334.9   445.2   509.0   544.2   580.8   622.0   681.8  1140.9  4710.0 14114.9  31405.6    31525
read      386.2   456.3   160.7   215.2   227.5   322.2   386.3   432.2   474.9   527.7   586.6   661.6   978.3  5271.5 15686.6  61747.4    61798
read      433.0   380.2   173.5   232.0   249.9   402.5   472.1   503.7   526.4   550.3   583.4   636.8   975.7  4286.2 15021.6  12311.4    12253
read      423.3   443.1   160.7   218.4   231.2   353.3   465.6   518.3   549.0   580.8   619.3   677.5  1182.7  4741.5 15110.0  25701.6    25710
read      374.5   452.1   160.7   214.4   226.7   315.3   372.0   409.0   441.8   485.8   543.2   626.7  1000.4  5666.9 20451.4  80117.0    79937
read      438.5   539.0   187.4   251.2   275.8   391.9   440.5   469.5   490.4   512.6   546.0   609.6  1169.1  7929.3 19518.5   7287.4     7271
read      367.5   420.7   160.7   215.2   227.4   316.3   371.4   405.9   436.1   475.0   527.8   607.3   876.8  4883.5 24038.6  85446.6    85861
read      371.7   403.2   160.7   217.4   229.6   322.1   378.0   413.4   443.7   482.4   532.3   609.9   870.7  4597.3 15110.0  91701.6    91467
read      380.2   482.4   160.7   215.4   227.7   319.8   379.4   419.9   456.1   503.7   563.5   641.4   887.2  5593.7 28431.0  72079.0    72217
read      428.3   500.1   160.7   217.3   229.7   343.4   459.9   524.0   561.3   599.2   641.3   704.0  1390.5  4812.9 20232.0  31127.2    31080
read      374.6   484.2   160.7   213.9   226.3   314.9   371.1   407.6   441.0   487.8   545.6   626.2   902.9  5815.4 20411.5  76665.8    76878
read      375.2   434.6   160.7   215.4   227.7   319.2   377.3   414.7   446.6   487.3   540.7   623.2   967.8  5095.6 13894.0  84426.6    84584
read      431.8   365.3   173.5   230.9   248.5   403.6   476.1   507.6   529.7   552.9   586.4   639.1   946.3  4630.6 11835.3  12558.8    12492
read      396.3   426.8   160.7   217.7   230.0   330.2   398.3   451.2   496.4   547.9   606.7   680.5  1051.2  4707.7 13346.5  57166.4    57106
read      360.5   372.4   160.7   215.2   227.6   314.4   365.9   397.2   423.7   458.6   505.8   584.4   888.7  4715.6 10695.3  96451.2    96245
read      437.2   627.9   173.5   254.5   278.2   391.0   440.5   471.2   491.9   514.1   544.3   598.1   849.7  8274.9 30461.5   6849.4     6791
read      368.5   404.4   160.7   216.2   228.5   317.8   372.2   405.8   435.7   474.0   526.3   606.4   912.8  4670.3 14044.6  90631.2    90728
read      452.6   812.5   173.5   264.2   288.4   381.0   423.7   451.4   472.1   499.0   533.1   592.7  1955.1  9054.0 31838.3   5125.0     5151
read      401.0   534.7   160.7   217.4   229.9   328.4   388.5   427.8   461.2   504.8   565.4   669.3  1573.4  6273.4 28475.4  82820.2    82969
read      436.4   669.7   160.7   217.7   230.4   340.1   430.8   503.3   551.1   600.2   651.4   727.6  1569.6  7729.3 31182.6  42502.4    42635
read      375.8   417.3   160.7   219.0   231.5   326.3   381.8   417.0   445.8   481.7   530.5   609.9   924.5  4903.4 15853.9  99381.6    99337
read      359.2   353.1   160.7   214.8   227.0   314.2   365.3   396.4   422.8   457.6   504.7   582.8   844.2  4844.0 10419.7  95153.8    95192
read      386.9   423.1   160.7   217.0   229.1   325.6   390.1   433.9   471.9   520.9   580.6   661.7  1013.4  4689.9 14069.9  69566.8    69200
read      396.5   427.4   160.7   214.0   226.7   327.1   398.7   459.9   509.0   561.0   615.0   683.6  1027.3  4854.9 13494.3  49521.0    49459
read      436.0   638.7   160.7   218.3   230.8   347.5   462.7   522.9   557.9   592.6   634.1   694.1  1452.7  5931.1 31314.8  29044.4    29055
read      380.3   355.4   160.7   215.3   227.6   322.0   386.8   432.0   472.9   524.6   584.6   661.6   945.9  4173.5 12233.3  64267.8    64324
read      425.6   579.8   187.4   256.9   279.6   377.5   419.3   445.8   465.9   490.5   522.1   581.0  1216.7  6815.5 29481.8   5703.2     5705
read      367.8   486.4   160.7   213.8   226.2   313.8   368.5   402.2   432.3   471.1   525.4   605.2   869.1  5547.3 28500.8  84683.6    84816
read      419.0   349.2   160.7   218.9   231.5   359.3   471.4   518.9   546.9   578.1   616.0   676.9  1045.3  4572.8 12243.7  23619.8    23714
read      379.3   465.8   160.7   214.2   226.6   317.1   374.6   413.4   449.0   495.4   554.6   636.6  1077.7  5741.7 19789.7  73860.2    74116
read      439.9   382.6   160.7   222.8   238.0   386.7   494.6   537.4   564.9   594.0   632.2   693.3  1281.3  4605.3 15463.5  20016.2    19948
read      412.4   494.2   160.7   214.0   226.8   329.4   416.2   488.7   536.4   584.7   636.1   715.3  1191.8  5173.3 29920.3  44174.6    44213
read      501.9   738.7   173.5   223.8   240.5   418.7   533.9   584.2   618.2   656.8   708.1   800.5  2433.3  6075.2 31919.6  19529.0    19454
read      514.9  1058.9   173.5   248.6   275.1   421.6   491.1   524.3   546.9   576.0   614.0   687.5  2818.3 15947.5 48157.5   7228.4     7190
read      411.4   473.7   160.7   216.0   228.5   331.7   413.2   480.8   530.1   580.0   632.3   709.1  1238.6  5255.8 22536.3  47736.2    47657
read      448.8   649.9   160.7   217.4   230.2   341.8   439.5   517.4   566.7   617.1   677.0   796.4  1790.9  6438.4 31435.3  44406.8    44399
read      507.7   956.3   173.5   253.5   277.8   406.1   469.3   502.1   525.2   549.8   589.0   656.6  3668.2 12501.2 32095.1   6493.4     6481
read      511.1  1028.4   187.4   256.1   280.5   401.4   458.9   490.4   510.5   537.7   573.5   640.5  3557.3 13611.1 32084.1   5846.6     5807
read      374.9   410.9   160.7   216.0   228.2   318.9   376.6   413.7   445.9   488.6   544.2   630.3  1084.1  4805.8 17909.6  82792.6    83137
read      496.3   733.2   173.5   238.0   259.1   420.0   495.9   533.6   559.9   589.5   629.4   691.9  3137.1  7928.0 31560.1   9600.8     9580
read      493.9   690.3   160.7   218.1   232.0   378.1   506.9   578.1   625.7   683.3   768.0   916.0  2068.0  8975.4 31398.3  37347.0    37385
read      486.9   768.3   160.7   217.9   231.3   371.0   495.4   561.1   605.1   656.3   727.0   857.9  2302.0  7479.5 31873.1  33568.0    33706
read      473.2   683.6   173.5   217.6   231.3   367.9   492.1   560.1   604.8   654.0   718.4   833.5  1802.3  8270.8 31172.7  35073.6    35204
read      395.9   378.8   160.7   215.1   227.5   326.7   401.7   466.9   518.6   571.5   626.5   700.1  1029.0  4068.7 13686.4  50508.4    50438
read      402.8   424.2   160.7   214.4   227.1   326.7   403.6   473.4   526.9   580.1   633.2   705.3  1116.7  5043.8 15905.9  49022.6    48878
read      470.5   692.1   160.7   216.1   229.5   352.9   469.9   543.2   591.3   644.6   719.8   869.9  2104.5  6148.7 31920.0  42533.6    42682
read      502.3   841.5   160.7   220.3   235.4   392.0   523.3   584.9   624.0   668.8   728.5   841.2  2291.8  8141.4 32273.1  27382.6    27416
read      384.6   387.3   160.7   214.4   226.7   319.4   383.8   431.6   476.2   531.0   593.1   675.2  1082.8  4877.4 10966.6  64339.6    64424
read      381.2   451.6   160.7   213.8   226.1   318.0   381.9   428.6   471.1   525.9   587.9   665.6   910.6  5278.0 25682.5  64427.4    64364
read      486.4  1010.1   187.4   257.8   282.0   395.0   445.8   478.8   500.4   527.5   563.3   627.3  2429.2 16669.5 32173.6   5493.2     5481
read      502.0   789.8   173.5   220.7   236.3   397.8   520.6   581.5   622.7   668.6   729.5   841.7  2792.8  6420.3 32512.0  26192.8    26227
read      522.0   904.0   160.7   220.0   235.2   398.0   523.1   584.1   629.3   684.0   761.2   895.4  3009.1 10929.1 32341.5  26702.8    26586
read      367.7   425.3   160.7   214.4   226.7   315.1   369.5   403.0   433.3   472.7   526.7   608.9   868.1  5184.3 16625.4  86362.6    86286
read      489.4   729.8   173.5   219.5   234.1   394.5   514.8   570.9   610.6   657.5   721.3   826.4  2044.1  7625.2 31893.8  24373.8    24452
read      500.6   733.8   160.7   220.0   235.1   396.8   522.1   582.3   624.1   673.5   737.6   849.7  2644.3  6530.7 31164.0  26841.6    26832
read      493.8   665.6   160.7   218.7   232.9   388.5   518.2   581.8   626.8   680.8   751.9   882.1  2079.5  7603.0 32332.3  30071.0    29795
read      432.7   631.3   160.7   217.5   230.1   338.4   424.5   496.0   547.0   598.4   655.1   739.4  1554.7  6911.8 31753.7  46153.2    46224
read      371.5   448.1   160.7   214.8   227.0   315.8   371.3   406.0   436.7   476.6   531.4   614.4   950.4  5395.4 21594.0  84623.0    84587
read      378.6   363.8   160.7   214.2   226.5   318.8   382.1   428.6   470.8   524.7   586.7   664.0   912.3  4208.5 12958.6  63502.8    63389
read      431.5   606.1   160.7   215.2   228.1   333.8   417.1   485.2   534.2   585.3   640.6   734.3  1921.7  6427.2 30185.1  46953.0    46953
read      365.3   391.1   160.7   214.3   226.7   314.0   367.1   399.9   429.0   467.5   521.5   605.3   943.0  5141.0 12975.4  90500.0    90536
read      509.3   827.2   173.5   232.2   251.6   441.1   526.9   566.2   591.7   625.0   668.9   743.3  2362.0  9498.7 31950.6  12571.2    12508
read      482.4   759.1   160.7   217.3   231.0   366.6   489.8   559.4   608.7   665.5   741.1   885.2  1879.5  8620.3 32041.6  38419.8    38491
read      364.9   416.2   160.7   215.4   227.7   315.3   366.7   398.2   425.5   460.7   507.7   586.9   885.3  5119.8 12815.1  97685.0    97806
read      503.2   875.1   173.5   229.7   248.2   417.2   502.3   542.0   570.4   602.8   646.2   723.1  3204.7  8729.3 35155.5  11874.8    11813
read      495.0   736.9   160.7   218.8   232.6   372.8   499.4   572.6   623.4   680.9   758.2   914.9  2315.3  8271.1 31636.4  39584.2    39665
read      404.5   492.5   160.7   215.7   228.3   331.0   406.0   467.8   516.5   569.6   627.8   704.3  1041.1  6347.4 26353.1  53482.6    53571
read      380.8   328.8   160.7   214.8   227.2   322.1   388.6   436.8   480.4   532.5   591.8   668.8   939.3  3811.7 10599.1  63248.8    63215
read      376.2   355.3   160.7   217.7   229.7   321.0   380.8   420.8   455.7   500.3   559.5   643.9   966.0  3781.9 11722.6  78940.4    78767
read      522.5  1097.0   173.5   242.7   265.5   430.8   502.7   538.2   563.0   590.6   631.1   699.9  2534.6 15542.3 35507.9   8641.6     8615
read      385.2   417.8   160.7   215.8   227.9   321.0   384.2   428.8   469.1   520.7   581.6   666.5  1069.2  5122.5 15083.8  67844.0    67903
read      457.8   492.6   160.7   229.0   246.0   415.0   509.9   546.6   572.1   599.6   636.3   696.8  1173.4  5359.3 20428.4  16355.2    16398
read      406.6   477.1   160.7   217.9   230.2   334.0   409.3   469.5   518.3   571.6   627.3   697.4  1097.3  5013.2 28102.2  53460.2    53434
read      421.0   496.1   160.7   218.0   230.5   335.2   433.5   508.7   553.0   595.8   641.9   713.2  1221.1  5370.6 23867.4  38087.8    38068
read      437.7   460.3   173.5   241.6   263.1   401.4   460.2   490.0   509.2   535.1   567.8   624.7  1127.1  5900.7 18238.7   9153.6     9130
read      385.0   452.0   160.7   217.6   229.6   322.5   385.6   429.0   466.9   515.7   576.0   658.3   987.1  5009.4 18567.9  69165.6    69227
read      429.0   571.0   173.5   219.5   232.4   340.4   444.3   519.0   561.8   604.7   652.2   723.6  1216.1  5770.7 30942.3  37517.2    37496
read      375.1   398.3   160.7   218.4   230.2   318.7   374.0   409.9   441.9   483.9   538.6   623.5  1087.7  4567.2 14505.4  84018.2    83925
read      403.9   495.2   160.7   218.4   230.7   326.7   398.5   462.1   513.0   565.5   620.3   688.6  1082.8  5456.8 26838.0  51039.2    51037
read      432.1   577.0   173.5   218.1   230.4   340.1   453.9   521.2   560.1   598.4   641.1   714.6  1375.3  6740.7 30807.5  33652.6    33690
read      404.5   441.4   160.7   217.2   229.5   328.8   402.2   465.2   515.2   567.4   624.7   698.7  1215.1  5084.3 15142.9  51483.2    51474
read      398.9   543.5   160.7   218.5   230.9   328.7   391.2   433.2   469.0   515.2   574.6   665.1  1217.2  7822.6 28417.5  73785.2    73708
read      335.4   162.1   160.7   214.3   226.5   306.8   354.6   384.1   406.4   438.3   483.2   548.1   675.0   993.5  5369.9  98607.8    98618
read      349.2   198.5   160.7   214.7   227.2   314.0   368.9   402.8   433.2   471.0   522.6   591.9   720.7  1040.4  7878.1  82061.0    81977
read      341.1   171.4   160.7   213.5   226.2   310.7   361.5   392.6   417.8   451.7   497.5   566.8   691.3  1051.6  6412.4  91628.8    91567
read      390.5   210.4   160.7   219.7   233.3   340.9   419.2   482.1   528.0   574.7   623.5   683.6   802.2  1079.6  8784.1  48075.6    48236
read      342.8   178.7   160.7   215.1   227.3   311.3   362.1   393.4   419.3   454.1   501.1   571.5   697.2  1018.0  7425.8  91935.4    91726
read      385.7   209.2   160.7   218.3   231.2   337.0   411.2   469.2   517.0   566.9   619.3   683.2   800.4  1089.3  7763.1  52474.4    52458
read      362.4   197.3   160.7   215.9   228.8   321.5   383.6   424.2   459.4   504.1   558.9   631.2   749.1  1122.0  8244.1  70452.6    70467
read      362.2   193.2   160.7   215.6   228.4   320.9   383.0   424.7   460.9   506.9   562.4   632.9   747.3  1032.7  8667.0  71029.6    71151
read      368.0   192.2   160.7   216.1   228.7   324.2   389.0   433.6   473.0   522.0   578.4   648.9   775.8  1116.0  7660.8  65107.8    65016
read      403.3   234.2   160.7   220.9   235.3   349.1   439.7   510.1   553.4   596.6   642.7   703.4   824.8  1550.6  9395.6  41949.2    42057
read      356.7   196.6   160.7   216.7   229.1   318.7   377.2   415.3   447.1   487.2   539.7   614.2   739.3  1068.8  8249.8  78640.2    78821
read      374.3   201.0   160.7   218.0   230.5   330.5   396.5   443.5   483.4   532.3   587.3   656.5   788.3  1515.3  7594.7  60835.8    60720
read      401.5   243.7   160.7   220.4   234.4   346.4   439.1   508.4   549.7   591.0   635.6   693.2   813.6  1516.2  9407.0  39968.2    39911
read      450.0   437.3   173.5   243.7   266.2   427.7   492.1   522.0   541.4   565.6   594.3   648.9   801.9  6522.8 19868.1  10480.6    10628

Total QPS = 50541.3 (50541260 / 1000.0s)

Total connections = 64
Misses = 0 (0.0%)
Skipped TXs = 0 (0.0%)

RX 12483691220 bytes :   11.9 MB/s
TX          0 bytes :    0.0 MB/s
Warning! Detected max cpu usage > 95%
CPU Usage Stats (avg/min/max): 99.96%,47.72%,100.00%