Random waveform, supplied seed
Total number of intervals = 200 (7434, 67201, 85927, 63953, 31595, 87879, 7287, 62295, 6561, 22532, 60653, 59076, 60154, 22964, 8172, 27652, 37594, 24367, 33771, 84944, 85666, 51918, 34406, 28664, 38289, 20658, 13840, 93419, 98284, 71313, 42089, 46458, 30755, 42889, 93552, 65694, 29574, 51355, 67361, 16287, 81508, 87619, 99068, 51267, 11822, 97494, 97350, 55460, 85984, 82043, 52873, 13911, 49984, 9274, 27187, 18735, 86505, 93039, 75999, 32324, 84255, 81759, 37291, 53818, 30297, 31569, 38927, 10652, 98119, 48176, 34929, 69735, 20753, 84642, 42333, 61587, 77998, 97625, 23781, 66723, 31016, 47394, 95335, 5252, 65908, 16889, 42912, 99898, 26385, 22616, 50605, 90283, 26273, 48521, 34058, 75648, 19482, 15054, 75754, 5187, 17656, 96343, 36665, 85269, 31525, 61798, 12253, 25710, 79937, 7271, 85861, 91467, 72217, 31080, 76878, 84584, 12492, 57106, 96245, 6791, 90728, 5151, 82969, 42635, 99337, 95192, 69200, 49459, 29055, 64324, 5705, 84816, 23714, 74116, 19948, 44213, 19454, 7190, 47657, 44399, 6481, 5807, 83137, 9580, 37385, 33706, 35204, 50438, 48878, 42682, 27416, 64424, 64364, 5481, 26227, 26586, 86286, 24452, 26832, 29795, 46224, 84587, 63389, 46953, 90536, 12508, 38491, 97806, 11813, 39665, 53571, 63215, 78767, 8615, 67903, 16398, 53434, 38068, 9130, 69227, 37496, 83925, 51037, 33690, 51474, 73708, 98618, 81977, 91567, 48236, 91726, 52458, 70467, 71151, 65016, 42057, 78821, 60720, 39911, 10628)
Average QPS expected = 50559
Timestamp start: 1684525109178
Timestamp end: 1684526109604

#type       avg     std     min      p5     p10     p50     p67     p75     p80     p85     p90     p95     p99    p999   p9999      QPS   target
read      429.6   333.5   173.5   256.6   281.0   408.5   461.5   489.8   508.2   531.6   559.6   609.0   724.1  5076.3 15633.7   7394.2     7434
read      491.0   942.5   160.7   221.9   237.1   351.9   426.3   480.0   523.6   577.0   645.7   831.0  3356.8 10943.2 34289.3  67075.8    67201
read      358.4   329.6   160.7   213.2   225.3   307.6   360.4   395.1   425.4   466.2   522.0   605.6   898.0  4511.0 11222.8  85636.2    85927
read      375.1   406.1   160.7   212.5   224.7   313.8   374.6   420.5   463.3   518.3   579.7   653.9   869.8  4846.7 12808.8  64055.0    63953
read      562.2  1098.5   160.7   219.0   233.4   406.1   530.4   602.7   658.3   723.6   802.0   963.8  4621.4 11858.2 33882.9  31733.8    31595
read      360.3   424.2   160.7   211.9   223.8   304.1   355.7   389.3   417.6   457.6   511.7   593.9  1042.9  5106.7 18993.5  87727.6    87879
read      974.0  3087.8   187.4   258.6   285.0   495.4   585.2   631.0   665.1   707.3   777.2  1272.6 14190.4 36423.1 46236.6   7261.6     7287
read      431.4   645.3   160.7   219.1   231.8   339.9   415.3   471.4   517.3   571.1   634.3   741.1  1843.4  8571.2 31102.2  62136.4    62295
read      450.3   504.6   173.5   260.5   284.5   404.6   459.6   488.6   507.5   533.6   567.5   626.0  1133.4  8819.1 14964.1   6542.6     6561
read      454.8   596.4   173.5   225.8   242.1   385.0   492.7   540.2   569.7   600.7   638.6   703.4  1683.4  6473.3 30989.8  22559.6    22532
read      380.8   276.1   160.7   218.4   230.5   328.0   397.0   448.8   491.2   541.4   598.5   670.6   821.5  2576.1  9479.0  60578.6    60653
read      378.7   261.5   160.7   217.9   230.0   327.8   396.7   449.1   493.9   544.7   601.6   671.5   804.7  1917.0  8607.2  58936.0    59076
read      373.2   442.6   160.7   210.8   222.8   307.4   367.9   414.2   460.5   516.5   575.5   644.9   864.4  5235.9 16999.8  60152.2    60154
read      590.9  1308.3   173.5   220.9   237.2   407.3   533.2   602.3   648.7   693.6   749.4   864.3  5685.5 17568.8 37713.8  23008.4    22964
read      659.5  1782.6   173.5   236.3   258.4   414.2   485.1   518.2   542.6   572.1   613.2   743.7  7243.6 31264.4 37481.1   8211.0     8172
read      590.6  1223.3   173.5   219.6   235.6   412.7   538.3   612.8   666.6   724.9   793.1   946.9  5297.9 15884.8 35596.7  27646.8    27652
read      433.4   625.3   160.7   215.3   228.0   335.4   440.1   513.9   556.9   600.7   649.6   726.6  1655.8  8363.9 30177.6  37532.6    37594
read      530.1  1092.2   160.7   219.5   233.9   387.2   507.1   565.3   603.3   645.9   706.9   820.4  3613.5 13250.7 36753.6  24309.0    24367
read      411.6   397.8   173.5   215.0   227.6   334.6   443.6   512.0   549.6   587.7   630.1   688.2  1011.4  4611.8 13979.7  33835.6    33771
read      364.2   430.6   160.7   214.7   226.5   311.2   365.1   399.5   429.8   469.5   524.3   605.2   861.8  5272.4 20294.9  84794.0    84944
read      352.7   397.3   160.7   212.7   224.4   302.8   353.2   386.3   413.9   453.6   507.8   589.0   776.4  5011.5 16687.9  85581.8    85666
read      384.5   266.9   160.7   217.0   229.1   330.3   403.2   462.1   508.3   559.5   614.7   682.0   820.0  2960.8  8024.9  51894.4    51918
read      415.0   286.6   160.7   222.5   237.1   356.4   465.9   533.5   572.6   611.4   652.9   709.7   834.8  3574.7 10158.2  34499.2    34406
read      439.8   387.2   173.5   225.7   241.8   374.7   505.9   562.5   596.1   631.5   672.9   732.3   919.1  4667.3 16084.9  28615.0    28664
read      426.0   350.9   173.5   223.5   238.5   359.3   467.5   541.6   585.5   629.4   676.4   738.4   910.2  3421.1 13232.4  38323.0    38289
read      450.2   350.5   173.5   230.4   247.0   410.2   535.2   578.2   605.2   633.3   668.1   716.9   842.7  4047.4 11610.6  20720.8    20658
read      458.8   362.9   173.5   238.0   256.6   448.1   526.1   557.8   579.9   604.6   634.5   681.2   808.5  6042.1 13710.0  13851.2    13840
read      352.9   186.5   160.7   219.5   231.4   318.8   371.2   402.9   430.7   466.0   514.7   590.4   745.5  1706.4  8029.4  93463.2    93419
read      353.5   172.4   160.7   220.5   233.0   320.9   373.4   405.1   432.5   465.9   509.9   584.8   739.8  1593.8  6454.6  98356.0    98284
read      368.7   214.0   160.7   219.7   231.8   324.5   387.4   429.7   466.2   511.8   569.9   646.9   795.9  1738.7  8631.7  71356.8    71313
read      406.4   284.3   160.7   221.8   235.9   345.3   439.6   512.0   556.5   601.4   647.9   709.7   861.2  3112.0  8134.8  42203.8    42089
read      403.5   224.2   173.5   223.2   237.9   345.3   433.0   501.0   549.1   598.5   648.1   712.8   846.1  2600.1  7440.6  46398.8    46458
read      428.6   383.8   173.5   225.0   240.7   365.6   491.6   552.5   588.7   623.8   663.3   718.3   852.4  3868.5 16039.2  30766.6    30755
read      445.3   543.8   173.5   223.4   238.1   349.0   451.9   527.5   576.0   624.9   677.8   757.7  1653.3  6334.1 28716.0  42780.0    42889
read      366.7   356.3   160.7   221.0   233.6   320.7   373.3   405.7   434.2   469.6   518.9   596.5   812.9  4346.3 14100.7  93456.6    93552
read      383.3   438.6   160.7   219.1   230.4   321.0   385.8   432.2   474.0   527.2   588.7   667.5   874.3  4882.6 14044.4  65658.2    65694
read      442.2   506.6   160.7   221.9   235.9   357.3   491.4   551.1   586.4   622.7   664.1   725.2  1255.4  5984.1 26445.2  29393.4    29574
read      407.1   466.0   160.7   219.2   230.8   330.5   406.7   473.7   525.3   578.3   632.2   701.9  1049.9  5073.8 15364.8  51512.4    51355
read      377.0   313.8   160.7   219.2   230.4   320.5   384.1   429.4   469.8   521.9   582.8   660.4   868.4  3793.8 10790.4  67448.4    67361
read      461.4   557.9   173.5   229.2   246.0   424.4   517.1   553.1   577.9   605.1   637.6   691.0  1144.8  6502.1 30727.8  16404.0    16287
read      367.1   368.7   160.7   217.4   228.7   313.3   368.4   403.1   434.9   477.2   535.3   622.4   914.9  4706.3 12871.2  81493.4    81508
read      362.0   402.8   160.7   218.2   229.1   312.6   364.9   397.2   425.0   462.4   513.6   594.7   818.3  4797.1 19039.8  87590.4    87619
read      357.2   363.3   173.5   219.3   230.7   315.3   365.6   396.5   422.2   455.2   499.9   574.7   784.0  4367.2 12402.1  98886.4    99068
read      398.5   358.3   173.5   219.2   231.0   329.0   403.6   469.7   522.2   576.9   632.2   702.3   949.2  4279.1 12655.3  51267.2    51267
read      450.1   508.9   173.5   236.0   253.5   424.7   493.3   522.8   542.0   565.8   593.2   644.7   935.6  5498.0 28083.3  11821.6    11822
read      357.3   330.9   160.7   219.1   230.3   315.2   366.1   397.3   423.9   458.6   505.1   582.0   798.3  4495.3  9458.0  97229.2    97494
read      349.5   278.1   160.7   218.2   229.1   309.6   358.4   388.8   413.4   447.5   494.4   568.6   764.0  3675.7  8054.7  97400.4    97350
read      401.4   494.0   160.7   219.6   231.6   332.0   403.9   463.2   511.1   565.1   623.2   692.6   940.5  5240.9 24102.8  55383.4    55460
read      364.4   344.8   160.7   218.7   229.8   315.7   370.3   404.2   435.0   474.0   529.2   613.5   812.7  4711.8 10269.4  85839.8    85984
read      369.1   420.5   173.5   218.3   229.2   313.9   369.1   404.0   436.1   478.4   534.6   618.0   895.7  4746.3 19948.3  82163.6    82043
read      395.3   317.1   160.7   219.2   230.9   329.4   403.5   465.5   515.9   571.7   629.5   697.8   950.1  3801.5 11488.2  52884.4    52873
read      463.3   448.5   173.5   233.4   250.9   437.7   517.8   551.7   575.3   600.5   633.4   688.2  1279.1  5193.9 16352.7  13873.2    13911
read      398.8   312.0   173.5   219.5   231.4   331.8   408.2   474.5   526.1   579.8   633.9   701.6   935.9  4018.0  9647.0  49979.4    49984
read      451.9   409.9   173.5   244.9   266.4   421.8   483.0   510.3   531.3   553.2   584.7   637.6  1071.9  6221.7 15275.9   9300.2     9274
read      449.8   491.8   173.5   224.9   240.2   377.1   500.1   556.3   591.7   627.1   668.5   730.6  1060.8  5694.7 22237.4  27309.4    27187
read      457.4   506.2   173.5   225.7   240.9   407.8   514.0   553.9   579.7   608.2   640.3   698.8  1198.0  6227.8 18501.4  18677.4    18735
read      363.3   328.8   160.7   219.3   230.9   318.5   373.7   408.4   438.2   477.1   529.4   608.9   792.2  4015.2 12419.7  86445.2    86505
read      353.3   232.9   160.7   219.4   231.2   318.1   371.7   403.5   431.8   466.7   513.5   589.0   744.4  1672.6  8200.3  92994.0    93039
read      368.0   242.9   160.7   218.9   230.6   320.0   379.1   418.9   454.0   499.3   558.0   638.8   841.6  2810.6  9134.8  76200.8    75999
read      458.7   509.5   160.7   223.5   238.9   374.7   496.7   561.9   602.8   644.1   693.9   779.5  1392.6  6755.9 21853.6  32343.8    32324
read      373.3   391.8   173.5   217.0   228.8   317.1   372.7   409.2   442.3   485.2   541.8   627.2   947.9  5160.1 13931.0  84175.0    84255
read      366.2   442.8   160.7   215.1   226.8   310.7   364.4   398.9   429.3   469.7   526.4   608.8   849.2  5865.7 17803.3  82023.8    81759
read      465.0   815.1   160.7   219.1   231.7   345.5   453.6   525.3   569.8   615.4   668.9   758.4  2194.6 10104.8 32017.7  37136.4    37291
read      400.4   455.9   160.7   217.9   229.8   330.1   402.7   463.2   511.5   565.3   623.2   694.6   992.1  5695.9 17672.5  53856.8    53818
read      432.7   536.4   160.7   218.7   231.2   345.5   463.4   523.5   559.4   596.6   637.7   702.1  1444.6  6200.0 28323.5  30456.0    30297
read      429.4   538.1   173.5   219.4   232.4   348.1   463.1   524.6   561.5   599.8   640.5   703.9  1218.2  5043.3 30149.5  31599.6    31569
read      406.6   429.5   160.7   216.0   228.1   329.1   421.0   491.3   535.4   578.3   623.2   683.7  1086.0  4635.1 14216.1  39043.0    38927
read      441.4   542.7   173.5   236.9   256.5   402.8   465.8   495.8   515.9   539.1   571.2   626.9  1017.7  7242.3 27176.8  10685.0    10652
read      353.3   379.0   160.7   214.8   226.4   308.1   356.9   386.6   410.2   443.3   490.9   568.9   841.9  4441.9 13746.8  98178.2    98119
read      403.9   412.9   160.7   216.7   228.8   329.6   405.6   472.0   522.2   573.2   627.0   693.2  1029.5  5525.2 12732.1  48304.2    48176
read      424.6   486.9   173.5   218.7   230.8   340.0   445.6   514.0   555.2   596.3   641.6   711.5  1319.9  6536.1 17426.3  34894.6    34929
read      381.8   507.6   173.5   216.4   228.1   318.7   378.3   420.3   457.8   505.9   567.0   649.0   967.3  5157.1 29021.4  69844.0    69735
read      437.9   466.8   160.7   221.5   235.5   376.2   483.5   527.1   553.2   582.8   621.3   682.1  1487.1  5098.3 17419.6  20701.6    20753
read      371.1   468.4   160.7   216.4   228.0   315.4   369.7   403.5   434.3   473.6   527.2   606.7   871.4  5471.1 19461.4  84725.2    84642
read      410.5   421.6   173.5   215.8   228.0   329.9   415.9   488.3   536.2   582.6   632.0   697.1  1325.8  5111.6 11605.1  42397.6    42333
read      386.0   411.4   160.7   215.5   227.4   319.2   383.8   432.7   477.9   532.9   594.1   670.1   992.5  5315.0 12566.9  61482.4    61587
read      365.7   381.7   160.7   215.6   227.2   313.0   368.2   403.4   436.0   479.7   536.8   618.9   847.8  4855.9 12780.1  77941.2    77998
read      355.2   327.9   160.7   215.6   227.3   311.7   362.2   393.8   420.0   454.7   501.4   577.6   794.4  4723.5  8774.1  97741.0    97625
read      439.9   467.9   173.5   222.0   236.2   374.2   492.5   540.2   569.6   600.5   637.7   698.2  1241.3  5417.7 19241.3  23652.6    23781
read      375.8   459.9   160.7   214.1   225.9   312.3   370.1   411.2   451.7   502.0   562.9   637.5   891.7  5684.7 17951.2  66920.4    66723
read      421.5   382.8   160.7   219.5   232.0   345.4   463.5   526.2   563.2   600.1   639.6   703.7  1177.4  4556.1 15163.5  31019.8    31016
read      418.2   570.6   173.5   216.5   228.4   329.2   410.3   478.7   526.7   576.0   628.6   703.8  1470.4  7476.9 29469.5  47472.4    47394
read      357.7   367.1   160.7   216.5   228.0   312.7   364.1   396.0   423.3   458.9   506.1   583.6   802.0  4246.4 12003.8  95252.2    95335
read      437.7   749.3   187.4   262.0   285.7   382.8   424.2   450.6   469.0   494.6   527.9   585.8  1146.2  9785.6 36457.7   5261.6     5252
read      383.8   425.2   160.7   218.0   229.3   321.8   384.0   427.8   466.7   516.8   578.6   658.1   929.9  5180.1 19435.5  65587.2    65908
read      445.3   570.2   173.5   225.0   240.5   398.9   488.0   524.3   547.4   575.6   611.1   673.4  1343.2  5116.0 30817.8  16999.2    16889
read      403.5   484.0   160.7   214.3   226.6   323.1   404.5   478.8   525.8   572.0   620.7   685.1   999.8  5222.7 28003.0  42935.2    42912
read      364.6   439.4   160.7   216.9   228.4   314.1   365.2   396.7   423.9   458.9   505.9   586.2   870.9  5834.5 16016.8  99682.4    99898
read      429.3   452.4   173.5   219.8   232.8   354.8   474.4   527.8   559.8   592.3   632.7   692.2  1283.4  4833.2 15582.8  26562.8    26385
read      437.6   473.7   160.7   221.8   236.0   370.4   489.2   536.3   565.4   594.8   632.0   688.9  1186.2  5626.5 16987.7  22692.6    22616
read      400.1   455.8   160.7   217.3   229.2   328.6   401.6   463.5   511.4   563.1   618.8   685.9   908.2  5949.5 17156.6  50465.6    50605
read      362.9   390.5   160.7   215.7   227.4   312.8   365.7   399.0   427.8   464.9   516.7   594.9   870.5  4943.6 12257.2  90390.4    90283
read      430.4   532.7   173.5   219.7   232.6   354.4   472.8   525.5   556.9   589.0   627.5   683.7  1317.7  6069.0 31723.6  25993.8    26273
read      405.1   444.2   160.7   218.6   230.7   332.6   410.0   475.8   524.7   575.3   628.2   695.2  1068.6  4908.4 23247.1  48466.8    48521
read      422.1   526.3   160.7   219.9   233.0   340.8   447.7   514.2   553.6   592.3   634.0   694.8  1235.3  4639.9 29824.1  34260.8    34058
read      372.9   453.6   160.7   216.9   228.7   314.1   368.9   405.3   440.1   486.5   545.8   630.0   989.1  4873.5 20127.8  75695.8    75648
read      435.4   390.7   173.5   224.7   240.1   386.3   488.5   528.3   553.3   582.4   618.8   677.3  1164.6  4656.6 14585.1  19440.8    19482
read      440.5   502.9   160.7   226.7   243.2   398.3   479.8   513.4   536.2   562.3   593.8   648.5  1318.4  5431.0 25355.1  14969.8    15054
read      363.9   412.3   160.7   213.4   225.1   307.3   362.2   398.9   432.7   478.8   540.3   623.0   873.0  4994.3 11981.5  75718.4    75754
read      427.4   636.2   187.4   260.9   283.0   377.1   420.6   447.9   467.4   491.4   521.8   578.2   869.1  9071.4 30933.9   5280.8     5187
read      449.5   678.5   173.5   227.9   244.8   392.1   482.7   521.7   545.8   574.2   608.6   666.0  1179.2  7927.7 32275.5  17652.0    17656
read      359.0   406.5   160.7   215.8   227.5   311.9   361.4   392.2   418.2   453.5   501.4   581.3   856.9  4840.3 14633.4  96320.6    96343
read      422.3   456.6   160.7   219.1   231.3   341.2   442.7   511.8   553.4   596.1   641.5   711.3  1307.9  4669.0 19974.4  36686.8    36665
read      370.8   428.2   160.7   216.0   227.8   315.5   370.6   405.8   437.0   477.3   531.7   614.4  1013.7  4661.4 13039.7  85280.8    85269
read      419.5   479.7   160.7   217.5   229.7   340.8   453.1   514.3   549.2   585.0   627.6   689.2  1100.2  4955.9 22974.4  31367.6    31525
read      379.5   379.2   160.7   214.9   226.8   316.4   379.4   427.8   471.8   526.6   587.5   659.9   925.3  4592.8 12115.6  61709.6    61798
read      435.3   391.9   173.5   231.5   249.2   401.8   470.9   501.2   522.2   545.0   578.7   635.4  1131.8  5259.4 10247.2  12183.2    12253
read      428.0   433.5   160.7   220.2   233.7   360.1   475.0   525.4   555.8   588.2   626.4   684.5  1188.8  4870.6 15163.4  25673.6    25710
read      376.2   384.4   160.7   218.2   229.8   320.9   381.0   421.1   454.4   495.8   550.5   632.3   932.6  4614.2 15081.1  79786.6    79937
read      422.3   437.3   173.5   248.9   270.9   386.9   435.7   464.1   483.7   504.8   535.7   584.9   875.9  6952.1 13266.9   7320.4     7271
read      365.4   456.7   160.7   215.2   226.9   311.4   363.6   396.9   426.4   465.7   520.1   601.0   863.3  5319.7 18319.1  86052.2    85861
read      357.2   362.2   160.7   214.7   226.5   310.4   361.8   394.1   421.8   458.8   508.4   587.1   814.8  4407.4 13069.3  91623.4    91467
read      370.5   393.8   160.7   215.3   227.1   314.4   372.2   411.9   448.3   495.3   554.8   634.9   874.0  4615.6 15842.7  72257.0    72217
read      420.3   489.3   173.5   217.1   229.2   340.3   450.6   512.3   547.9   583.7   624.1   683.8  1296.1  5462.5 22999.6  31024.0    31080
read      365.2   322.6   160.7   214.6   226.5   313.7   369.8   406.6   440.0   485.2   542.8   623.5   829.5  4558.7  9061.2  76917.6    76878
read      361.9   437.9   160.7   214.2   226.0   309.3   361.4   395.0   424.1   463.2   518.8   599.0   845.8  4724.5 22777.1  84550.6    84584
read      424.3   349.2   173.5   230.0   247.3   395.8   463.7   494.7   515.2   539.6   571.2   624.4   907.1  5159.9 12619.4  12619.6    12492
read      385.9   385.9   173.5   216.0   227.9   321.7   388.1   438.7   485.1   539.6   598.6   669.4   925.8  4888.5 11442.9  57165.4    57106
read      352.4   335.6   160.7   215.4   227.1   309.2   358.2   388.9   414.0   448.5   496.2   573.1   807.3  3868.5 11403.6  96271.2    96245
read      425.2   448.7   173.5   254.2   276.5   386.3   433.2   460.0   479.1   502.9   536.2   591.0   955.8  6105.5 18451.4   6748.6     6791
read      358.1   430.2   160.7   213.9   225.6   307.2   357.2   388.4   413.8   450.4   500.8   580.2   863.0  5423.0 15454.5  90768.0    90728
read      441.3   704.2   187.4   262.8   286.5   381.3   425.0   453.0   472.4   498.0   531.0   584.8  1059.2  9326.3 30978.5   5132.8     5151
read      370.9   376.7   160.7   216.7   228.5   318.2   374.4   411.1   442.7   483.4   538.9   622.3   944.2  4228.1 11850.7  82729.8    82969
read      441.8   649.9   173.5   217.3   229.5   334.8   425.8   498.4   546.8   596.0   649.7   742.3  2136.8  7139.0 30998.1  42804.2    42635
read      366.3   461.7   160.7   216.9   228.6   317.1   367.8   398.4   424.5   458.6   505.1   583.7   865.6  5468.2 20085.6  99242.4    99337
read      357.1   359.7   160.7   215.7   227.6   312.6   363.3   394.0   419.8   454.3   501.3   577.2   809.5  4917.9 11405.6  95247.4    95192
read      366.7   325.6   160.7   214.6   226.3   312.5   369.9   409.0   447.3   497.1   557.8   633.8   856.4  4311.6  9848.5  69325.6    69200
read      399.1   401.4   173.5   216.3   228.5   327.6   402.9   467.8   517.2   569.2   623.2   690.8  1012.8  5075.9 10477.3  49453.0    49459
read      427.8   435.8   173.5   219.9   232.5   351.2   469.1   527.4   562.0   597.0   638.5   697.5  1235.1  5045.4 16427.6  29032.6    29055
read      389.2   416.0   160.7   217.8   229.6   325.9   391.1   438.0   478.8   529.6   590.1   671.6  1003.9  4820.3 15833.1  64176.0    64324
read      434.6   548.2   187.4   262.4   287.7   385.6   428.3   455.1   473.6   497.2   528.4   585.6   970.1  9229.7 19186.2   5725.2     5705
read      376.4   434.2   160.7   218.6   230.1   321.4   378.2   415.6   447.1   487.0   540.5   623.0   915.9  5347.9 17319.0  84545.0    84816
read      427.4   455.5   173.5   220.5   234.1   362.8   477.5   525.3   554.5   584.8   621.4   677.4  1058.5  5159.3 17966.2  23755.8    23714
read      371.1   424.3   160.7   215.1   227.0   313.7   369.8   406.9   442.1   488.8   547.3   628.9   877.3  5336.8 15493.4  74179.6    74116
read      437.1   493.8   173.5   222.4   237.1   382.0   483.8   525.5   550.5   579.6   615.7   674.9  1279.7  6823.1 23919.2  19959.6    19948
read      434.9   664.1   160.7   217.6   230.0   337.6   426.1   498.1   547.2   596.8   649.4   730.5  1839.1  6105.9 31451.2  44286.4    44213
read      462.3   521.3   173.5   226.2   242.0   401.1   516.5   559.4   586.9   619.3   658.9   727.2  1353.9  6492.2 24389.8  19494.4    19454
read      439.3   465.6   173.5   254.1   278.0   398.6   450.7   479.3   498.7   522.2   551.9   606.5   999.0  8023.1 15891.0   7146.6     7190
read      422.5   589.5   173.5   217.4   229.5   334.4   417.5   486.4   535.9   586.6   641.2   722.5  1428.8  7157.3 30622.5  47574.4    47657
read      445.8   708.6   173.5   218.1   230.4   339.8   436.4   511.4   560.5   610.4   666.0   755.4  1885.9  8240.3 31779.7  44360.6    44399
read      513.8  1043.0   173.5   253.2   278.7   414.8   480.4   511.6   534.5   561.2   598.9   677.4  3170.4 17724.6 38492.1   6534.8     6481
read      500.6   975.0   187.4   257.3   283.4   405.4   466.9   498.3   520.7   546.7   584.9   652.7  3170.2 13896.4 32251.7   5810.2     5807
read      397.6   580.8   160.7   219.8   232.2   329.8   390.9   430.7   463.5   504.2   558.5   641.7  1081.3  8502.4 30151.6  83028.8    83137
read      531.0  1053.7   173.5   239.9   261.4   434.0   508.7   544.4   571.4   602.5   644.2   725.1  3575.5 11143.5 38615.5   9552.4     9580
read      484.0   704.0   160.7   218.9   232.1   366.1   490.5   559.1   605.6   657.6   730.5   870.4  2277.7  8506.0 31068.0  37432.0    37385
read      524.4  1020.1   160.7   220.2   234.3   384.4   517.4   586.5   633.3   688.3   766.9   920.1  2734.8 16043.0 32439.0  33750.8    33706
read      526.7   903.4   173.5   221.5   236.6   392.1   531.1   602.9   653.1   713.4   794.5   947.6  2605.8  9021.9 32453.6  35223.6    35204
read      402.8   427.3   160.7   216.7   228.6   327.1   404.7   473.7   524.5   577.8   633.3   709.3  1115.2  5226.3 16212.2  50481.0    50438
read      400.9   288.5   160.7   218.7   230.5   335.1   417.1   483.4   533.4   587.0   642.9   716.3   984.1  3500.6  9224.6  49059.2    48878
read      466.1   752.0   160.7   216.0   228.8   345.2   463.0   536.0   582.4   633.5   705.1   853.2  1605.8  8774.8 31585.7  42594.2    42682
read      479.5   749.2   160.7   219.1   232.5   380.7   500.4   556.5   593.5   638.1   700.7   809.5  2026.3  8568.0 31785.5  27492.4    27416
read      384.8   407.1   160.7   216.2   227.9   319.0   382.4   428.8   471.6   524.5   588.7   672.3   980.7  5287.2 12459.9  64484.4    64424
read      374.5   423.1   160.7   214.5   226.4   313.7   373.4   418.8   460.9   515.4   576.3   648.3   869.0  4874.9 13857.3  64355.2    64364
read      499.9   990.3   173.5   259.1   284.0   399.4   457.3   489.7   511.7   537.9   574.4   638.4  3315.6 12633.6 35339.8   5543.8     5481
read      489.9   637.7   173.5   222.1   237.7   400.9   523.9   582.4   621.7   668.0   733.2   849.2  1696.5  6964.0 30088.6  26142.0    26227
read      523.6   947.8   173.5   222.8   239.1   406.6   539.0   601.1   642.4   692.4   758.9   872.3  2701.2  9208.2 38503.0  26506.0    26586
read      375.1   476.8   160.7   216.2   228.1   314.0   367.5   402.1   434.6   477.3   535.7   625.8  1180.0  5535.7 28129.4  86022.0    86286
read      502.1   776.0   173.5   222.7   238.6   399.0   518.5   574.0   612.2   657.8   724.7   839.0  2536.1  9053.3 31737.3  24452.0    24452
read      531.1   932.0   173.5   222.6   238.7   405.9   535.3   597.9   641.2   694.9   765.8   888.6  3053.1 11315.8 35629.5  26776.2    26832
read      516.5   891.6   160.7   220.5   235.2   396.6   525.6   588.7   632.1   684.5   758.1   889.5  2615.7  9097.0 34894.2  29783.2    29795
read      457.4   714.6   160.7   217.0   229.7   343.4   445.5   521.6   571.9   625.8   691.8   836.1  1737.5  7990.5 31577.2  46233.2    46224
read      363.8   415.9   160.7   215.4   227.1   311.5   366.2   400.7   431.8   471.7   528.4   610.6   814.2  5301.0 16097.3  84573.8    84587
read      375.8   372.5   160.7   214.8   226.6   315.1   377.6   424.7   467.4   520.9   582.4   658.4   887.8  4222.1 12621.0  63396.4    63389
read      442.7   603.2   160.7   217.9   230.2   339.2   429.2   502.6   553.8   606.5   668.3   782.0  1793.5  7503.4 29463.9  46919.0    46953
read      362.7   331.6   160.7   216.4   228.2   315.0   368.6   402.6   432.6   470.9   524.2   603.1   867.9  4079.1 10015.7  90499.6    90536
read      496.3   851.7   173.5   231.0   249.8   430.3   510.1   546.7   574.2   605.5   645.5   719.5  1777.3  8489.6 31921.3  12508.8    12508
read      494.1   920.6   160.7   217.3   230.6   361.7   482.8   551.3   596.2   649.0   724.0   863.1  2492.2 12004.1 34910.9  38496.4    38491
read      379.7   408.1   160.7   218.6   230.4   321.9   375.2   409.3   438.2   475.6   527.4   615.1  1511.3  5023.7  9923.0  98082.2    97806
read      501.9   712.0   173.5   234.5   254.7   443.8   524.8   562.6   588.8   621.5   663.7   738.8  2147.1  7227.6 31490.0  11727.0    11813
read      485.8   731.8   160.7   219.9   233.7   361.6   479.5   552.5   601.3   654.9   730.4   894.2  2333.2  7530.5 31982.2  39699.4    39665
read      393.2   440.7   160.7   214.4   226.7   320.4   392.5   452.5   502.0   556.4   614.2   687.1  1077.1  4925.4 15684.5  53719.4    53571
read      383.8   319.1   160.7   217.3   229.1   323.2   391.4   441.6   485.9   539.8   600.9   679.2   919.8  4000.4  9071.7  63196.8    63215
read      376.2   443.2   160.7   216.4   228.2   317.2   375.2   415.5   450.1   494.0   550.7   636.5   995.6  4664.8 18886.4  78908.0    78767
read      490.1   885.9   173.5   242.3   264.7   418.9   490.8   525.2   548.2   577.8   616.0   676.8  2145.0  9070.5 33603.6   8681.2     8615
read      371.0   360.3   160.7   214.4   226.3   313.6   371.8   414.1   453.9   504.7   567.1   643.2   862.4  4880.7  9264.0  67789.6    67903
read      523.0  1007.0   173.5   225.4   242.4   416.5   517.5   562.9   594.7   633.9   681.9   766.7  3638.9 12835.7 35636.6  16367.4    16398
read      392.2   457.3   160.7   214.1   226.1   318.2   389.8   449.3   498.6   553.0   609.3   681.5  1013.7  5233.9 17425.3  53351.0    53434
read      442.4   525.2   160.7   220.5   234.3   352.3   463.3   536.9   581.0   626.7   680.0   770.4  1467.9  4836.8 30778.7  37939.8    38068
read      464.3   454.8   173.5   248.0   271.0   430.6   492.8   521.4   541.0   565.1   593.6   647.1  1235.3  7896.9 13647.4   9167.8     9130
read      384.0   399.4   160.7   217.5   229.2   322.3   385.0   429.4   467.9   517.1   578.7   663.3  1036.6  4389.9 12671.4  69283.6    69227
read      423.2   487.1   160.7   217.9   230.2   335.1   437.8   511.4   554.0   596.4   640.8   708.5  1491.8  4935.1 18441.4  37525.8    37496
read      383.9   457.1   160.7   219.0   230.9   325.1   384.8   423.9   456.6   497.4   550.4   634.3   971.8  5724.0 14395.4  84000.2    83925
read      389.6   348.1   160.7   215.3   227.4   322.2   396.8   460.4   510.9   564.6   619.3   685.1   862.8  4446.3 11463.4  50859.0    51037
read      425.0   460.6   160.7   218.7   230.8   341.2   457.4   525.9   564.8   603.1   644.4   711.9  1359.1  5178.5 16476.5  33683.0    33690
read      397.8   410.6   160.7   216.9   228.9   325.0   398.0   461.6   511.1   564.6   620.5   689.4  1018.7  5229.8 12376.8  51380.6    51474
read      388.1   547.3   160.7   217.1   228.6   319.4   379.0   421.1   457.5   503.6   563.5   645.7  1045.6  6345.0 29443.3  73829.2    73708
read      379.3   418.0   160.7   219.3   231.3   324.9   381.0   416.6   445.7   482.6   533.5   619.8  1069.7  4631.6 13278.1  98494.0    98618
read      391.1   610.1   160.7   215.8   227.6   315.9   370.8   407.1   440.4   484.6   545.0   639.1  1588.6  6172.8 30321.8  81940.0    81977
read      355.3   289.4   160.7   216.1   227.5   311.1   362.7   395.5   423.5   460.4   508.8   587.4   802.1  4063.3  7017.2  91297.2    91567
read      393.9   244.8   160.7   219.5   232.6   340.6   419.7   481.9   528.5   576.9   627.9   690.4   839.0  2106.7  9611.1  48142.8    48236
read      337.9   196.8   160.7   213.5   225.6   305.1   354.4   385.6   410.0   444.9   492.9   563.7   690.1  1093.6  8927.5  91708.4    91726
read      382.2   220.3   160.7   218.7   231.4   334.8   404.8   462.6   508.9   558.2   609.3   671.9   785.2  1146.4  9926.7  52577.8    52458
read      357.9   227.9   160.7   215.1   227.6   316.4   374.7   414.7   450.1   495.3   550.2   622.0   742.0  1200.8  9919.0  70397.2    70467
read      358.9   189.8   160.7   216.5   228.9   318.6   376.9   417.2   452.9   498.6   554.8   625.7   740.9  1104.7  7940.7  71089.2    71151
read      364.8   218.6   160.7   216.2   228.8   320.5   382.5   426.5   465.8   515.5   572.3   638.4   761.4  1252.1  8369.9  64913.6    65016
read      397.8   244.2   160.7   220.7   234.5   343.7   431.8   500.2   543.8   586.2   629.9   684.6   798.9  2811.2  9724.9  42077.6    42057
read      351.7   206.7   160.7   215.3   227.6   313.4   367.9   403.1   434.7   476.7   532.3   607.2   738.8  1200.5  8471.4  78773.4    78821
read      375.2   245.6   160.7   218.1   230.5   328.0   394.9   443.8   485.7   536.9   594.3   663.0   780.9  1256.8  9353.9  60780.0    60720
read      401.4   236.1   160.7   220.7   234.7   346.5   441.4   509.7   551.2   591.7   633.2   687.1   813.7  1616.1  9721.0  40008.2    39911
read      444.0   312.1   173.5   244.7   268.0   427.1   489.8   519.4   539.7   563.7   592.0   640.2   789.7  4290.1 11270.9  10661.0    10628

Total QPS = 50553.3 (50553268 / 1000.0s)

Total connections = 64
Misses = 0 (0.0%)
Skipped TXs = 0 (0.0%)

RX 12486657443 bytes :   11.9 MB/s
TX          0 bytes :    0.0 MB/s
Warning! Detected max cpu usage > 95%
CPU Usage Stats (avg/min/max): 99.94%,47.74%,100.00%