Random waveform, supplied seed
Total number of intervals = 367 (7434, 67201, 85927, 63953, 31595, 87879, 7287, 62295, 6561, 22532, 60653, 59076, 60154, 22964, 8172, 27652, 37594, 24367, 33771, 84944, 85666, 51918, 34406, 28664, 38289, 20658, 13840, 93419, 98284, 71313, 42089, 46458, 30755, 42889, 93552, 65694, 29574, 51355, 67361, 16287, 81508, 87619, 99068, 51267, 11822, 97494, 97350, 55460, 85984, 82043, 52873, 13911, 49984, 9274, 27187, 18735, 86505, 93039, 75999, 32324, 84255, 81759, 37291, 53818, 30297, 31569, 38927, 10652, 98119, 48176, 34929, 69735, 20753, 84642, 42333, 61587, 77998, 97625, 23781, 66723, 31016, 47394, 95335, 5252, 65908, 16889, 42912, 99898, 26385, 22616, 50605, 90283, 26273, 48521, 34058, 75648, 19482, 15054, 75754, 5187, 17656, 96343, 36665, 85269, 31525, 61798, 12253, 25710, 79937, 7271, 85861, 91467, 72217, 31080, 76878, 84584, 12492, 57106, 96245, 6791, 90728, 5151, 82969, 42635, 99337, 95192, 69200, 49459, 29055, 64324, 5705, 84816, 23714, 74116, 19948, 44213, 19454, 7190, 47657, 44399, 6481, 5807, 83137, 9580, 37385, 33706, 35204, 50438, 48878, 42682, 27416, 64424, 64364, 5481, 26227, 26586, 86286, 24452, 26832, 29795, 46224, 84587, 63389, 46953, 90536, 12508, 38491, 97806, 11813, 39665, 53571, 63215, 78767, 8615, 67903, 16398, 53434, 38068, 9130, 69227, 37496, 83925, 51037, 33690, 51474, 73708, 98618, 81977, 91567, 48236, 91726, 52458, 70467, 71151, 65016, 42057, 78821, 60720, 39911, 10628, 73736, 7334, 91868, 76670, 10405, 26019, 55530, 29615, 66057, 55281, 21177, 88239, 70227, 23421, 97104, 6235, 58045, 23729, 40897, 53312, 87262, 81836, 92274, 47252, 75747, 80994, 98224, 7737, 37514, 10640, 90490, 92514, 89245, 73823, 46565, 21419, 66915, 31667, 72255, 99535, 9226, 67844, 71413, 97328, 55113, 53743, 15253, 90605, 25767, 93458, 95080, 88399, 95681, 33003, 98809, 64610, 51183, 20194, 7602, 46677, 5577, 23035, 57516, 62851, 38431, 25729, 19443, 19461, 42341, 5691, 40223, 29941, 41162, 43863, 20318, 93421, 48578, 40595, 17677, 78948, 9703, 9686, 7968, 15830, 8192, 79410, 76582, 54634, 72177, 15101, 8167, 44130, 53047, 97171, 81360, 77277, 38294, 11165, 74155, 12255, 52404, 17057, 6005, 85707, 79742, 58322, 26212, 69487, 29507, 51412, 67374, 55125, 53048, 12192, 36138, 60799, 36368, 39729, 95693, 40999, 65037, 12633, 50117, 62765, 12379, 49369, 39111, 52692, 24539, 61591, 47864, 16479, 75268, 8714, 13002, 77147, 43518, 27206, 55859, 37448, 45026, 99974, 64632, 49061, 80418, 16471, 35694, 13935, 79838, 48842, 17708, 31401, 62091, 87121, 81929, 42013, 90709, 67578, 58116, 68886, 93119, 95079, 77456, 15723, 9867, 8176, 89745)
Average QPS expected = 50434
Timestamp start: 1684502258839
Timestamp end: 1684503359352

#type       avg     std     min      p5     p10     p50     p67     p75     p80     p85     p90     p95     p99    p999   p9999      QPS   target
read      450.8   450.9   173.5   264.0   290.2   417.9   463.7   492.0   513.1   543.4   585.2   655.9   886.8  5492.0 12892.1   7410.3     7434
read      386.1   213.4   160.7   226.1   241.6   348.4   413.4   452.2   481.1   519.8   572.7   649.2   849.7  1578.6  8961.3  66757.7    67201
read      575.4   959.8   173.5   235.7   255.4   399.9   483.6   541.9   591.1   669.3   828.7  1304.3  4295.2  9654.7 31882.3  85966.3    85927
read      487.8   718.5   160.7   232.4   250.5   383.1   464.5   519.1   563.4   620.3   711.3   947.3  2139.3  7176.3 31697.9  63912.7    63953
read      441.9   401.8   173.5   226.8   242.3   373.2   471.2   523.6   558.4   596.9   650.5   779.5  1368.9  4156.3 15269.1  31640.0    31595
read      392.0   453.3   173.5   223.6   238.1   335.1   393.2   429.3   457.6   495.0   547.4   641.2  1141.6  5269.8 19921.1  87928.3    87879
read      559.0  1326.8   187.4   247.7   273.0   408.2   462.6   495.8   523.0   559.4   608.9   722.7  4693.7 30295.4 36719.4   7217.3     7287
read      431.3   521.3   173.5   224.9   239.8   352.1   425.8   473.1   513.0   563.2   629.8   767.2  1503.1  6343.2 26170.0  62199.7    62295
read      578.7  1506.6   173.5   255.8   279.3   411.3   465.2   495.3   518.1   549.2   593.2   702.9  5100.9 30349.4 36595.7   6513.7     6561
read      805.2  1992.5   173.5   243.9   267.2   507.1   656.5   750.8   832.9   933.3  1061.2  1298.2  9626.8 31291.9 38287.5  22561.7    22532
read      523.8   725.5   173.5   243.4   263.4   421.1   521.0   584.2   631.9   694.7   790.1   968.4  1814.6  9740.1 31418.5  60484.7    60653
read      453.1   562.2   173.5   230.0   246.7   380.2   463.8   516.9   558.8   607.5   673.6   793.4  1272.5  7241.2 31097.8  58990.7    59076
read      406.1   314.7   160.7   227.7   243.5   358.3   429.2   471.7   506.1   549.6   606.1   692.3  1011.4  2738.3 15654.6  60144.0    60154
read      483.5   361.3   173.5   241.6   261.5   429.6   521.1   571.0   604.5   644.3   704.4   853.2  1410.9  4291.8 12604.1  23032.0    22964
read      488.6   488.0   187.4   263.9   291.6   439.7   495.5   529.5   554.9   588.7   635.8   731.2  1557.6  8998.4 15991.0   8211.0     8172
read      474.2   344.9   173.5   244.4   264.7   425.2   514.1   567.2   602.1   639.7   692.1   793.2  1141.4  4495.1 11668.9  27758.7    27652
read      446.3   324.5   173.5   236.2   253.3   391.1   478.4   534.7   575.5   620.2   676.1   771.9  1090.4  4218.0 12601.2  37672.7    37594
read      457.4   529.1   173.5   236.7   254.0   400.8   498.0   550.1   582.2   617.6   660.9   733.2  1165.5  5711.7 30790.9  24389.3    24367
read      445.8   340.4   160.7   234.2   250.7   388.9   484.7   544.4   583.4   625.1   676.9   763.9  1017.0  4357.3 12583.2  33907.0    33771
read      396.6   344.8   160.7   225.5   240.6   343.5   405.7   446.1   476.7   518.7   576.6   678.4  1114.5  4011.6 12208.2  84655.0    84944
read      390.3   429.0   160.7   223.1   237.1   332.4   391.1   428.7   459.1   498.8   556.4   661.7  1149.3  5576.8 13318.7  85534.3    85666
read      385.0   408.1   173.5   216.3   228.2   325.5   397.2   446.2   484.9   532.1   586.2   656.8   889.8  5031.2 15649.3  51717.3    51918
read      426.9   637.8   160.7   219.7   232.2   343.2   440.7   496.6   534.4   574.9   621.3   691.0  1147.5  7503.2 31200.4  34471.7    34406
read      546.8  1212.7   173.5   221.2   236.3   398.3   503.1   567.5   613.8   670.0   742.6   879.0  4305.2 13626.3 37664.1  28499.3    28664
read      435.6   571.2   173.5   219.3   231.8   346.3   445.6   505.4   548.6   594.4   651.8   753.1  1598.8  7324.6 30304.9  38423.7    38289
read      529.0   988.5   160.7   223.6   240.6   416.9   517.7   576.2   615.5   661.2   722.4   830.1  3054.6 12242.9 34079.5  20689.3    20658
read      653.3  1720.4   173.5   229.6   249.2   429.8   530.4   582.2   614.2   648.2   689.9   797.6  6758.2 30586.5 38811.7  13782.0    13840
read      397.4   527.5   160.7   220.1   233.0   329.0   385.0   419.8   448.0   485.8   542.4   644.7  1657.9  5899.3 29337.1  93487.3    93419
read      388.6   431.2   173.5   225.3   240.2   337.6   392.9   426.9   453.3   486.7   536.5   622.0  1034.5  5902.1 14289.2  98539.3    98284
read      428.3   437.9   173.5   225.5   240.4   347.2   418.4   465.5   504.6   556.9   631.1   810.6  1568.2  6601.9  9343.4  71159.3    71313
read      425.5   433.6   160.7   225.3   239.9   355.9   442.5   498.4   539.8   584.8   637.6   733.3  1248.8  5675.7 16385.4  42153.7    42089
read      424.0   489.2   173.5   223.9   238.4   348.4   430.3   483.2   523.1   568.1   620.8   713.0  1328.7  6224.1 22161.5  46519.7    46458
read      527.1  1031.9   173.5   224.3   240.4   398.2   497.0   558.2   602.6   660.1   739.8   888.1  3265.0 12743.8 33215.0  30678.3    30755
read      455.4   573.8   173.5   226.0   241.6   365.5   459.5   520.2   563.6   610.3   671.8   804.1  1577.5  7895.8 30142.8  42949.7    42889
read      386.9   420.7   160.7   223.6   237.8   334.1   390.8   426.3   454.1   490.0   543.0   637.3  1043.7  5990.1 11939.3  93556.7    93552
read      404.8   386.8   173.5   224.3   238.8   341.5   409.3   453.5   489.0   535.4   593.1   690.9  1138.9  5442.2 11460.8  65832.7    65694
read      444.8   281.1   173.5   236.1   253.3   394.8   494.3   551.5   587.5   626.3   675.0   758.9  1043.4  2232.1  8899.4  29483.0    29574
read      413.2   274.0   173.5   229.5   245.3   367.0   442.7   490.5   530.4   578.8   633.9   717.9   931.6  2199.7 12373.5  51337.7    51355
read      394.0   324.8   173.5   225.5   240.6   347.2   413.4   452.6   482.4   522.6   577.8   660.9   918.4  4052.1 10818.4  67475.3    67361
read      493.6   734.6   187.4   241.2   260.1   429.6   508.1   550.3   579.2   613.0   658.8   747.0  2094.1  8025.8 31622.8  16214.3    16287
read      394.7   269.2   173.5   228.2   243.5   347.1   410.3   450.2   481.3   522.9   579.8   678.2  1038.8  2466.3 10536.9  81284.3    81508
read      374.2   209.3   173.5   226.7   241.8   339.9   396.8   430.6   456.9   490.0   538.3   618.0   833.8  1790.1  8023.8  87798.0    87619
read      383.9   208.0   173.5   231.0   247.1   350.1   405.6   439.2   464.6   498.3   546.2   628.4   890.2  1823.2  8107.2  98966.7    99068
read      425.3   327.9   160.7   232.0   248.0   373.5   453.2   502.8   542.7   589.2   644.6   736.8  1037.9  3369.2 12252.2  51291.0    51267
read      480.2   460.1   187.4   247.9   269.0   440.0   499.2   532.4   555.7   583.4   623.0   707.0  2007.3  7129.0 15599.5  11855.0    11822
read      405.6   265.4   160.7   236.1   253.5   366.5   425.6   461.5   490.2   527.4   579.5   673.1  1015.3  2388.4  8742.8  97221.0    97494
read      399.5   235.1   173.5   234.3   251.0   358.5   416.9   453.1   481.0   517.8   572.4   671.0  1059.1  2397.4  6961.6  97246.3    97350
read      463.5   395.8   160.7   234.2   250.4   378.2   465.9   527.4   576.5   634.4   728.4   947.0  1608.8  3847.5 13722.6  55525.3    55460
read      395.9   273.7   173.5   230.1   245.8   350.4   413.1   451.4   481.3   521.3   578.0   678.2  1053.8  2245.5 12967.0  86035.0    85984
read      403.3   255.5   173.5   230.0   245.8   354.5   420.5   461.8   495.4   538.9   596.7   705.6  1085.9  2542.9  8459.6  81953.3    82043
read      422.4   257.0   173.5   232.7   248.7   371.0   449.8   497.9   538.1   586.8   645.9   743.6  1049.8  2521.6  9110.4  52713.0    52873
read      466.2   376.1   173.5   243.6   263.4   434.7   500.1   537.1   563.1   591.0   631.4   704.9  1504.1  4027.5 12630.1  13981.7    13911
read      427.9   398.9   173.5   231.9   248.0   370.7   448.3   498.1   539.6   586.9   643.7   737.0  1045.3  4631.9 15091.9  49777.0    49984
read      494.1   512.2   187.4   261.2   286.2   448.8   506.1   542.7   569.9   601.1   645.3   759.7  1546.6  6480.4 28809.8   9184.3     9274
read      467.2   404.0   173.5   241.1   260.3   414.6   508.8   564.6   599.9   636.7   687.0   780.9  1111.2  4492.5 13404.1  27215.7    27187
read      520.0   796.3   173.5   241.5   261.2   440.7   533.2   579.7   611.8   649.8   712.8   853.8  1976.5  8486.2 32333.3  18779.7    18735
read      431.7   562.5   173.5   230.8   247.4   359.0   421.6   461.1   493.9   537.6   599.2   727.5  1546.9  7240.8 28880.2  86606.3    86505
read      390.5   388.1   173.5   227.1   242.4   341.2   398.0   433.3   461.5   497.7   548.2   634.7  1009.6  5339.4 13586.7  92859.3    93039
read      406.5   515.4   173.5   227.9   243.1   350.3   413.9   452.4   482.1   522.2   577.2   663.4   959.1  6575.6 30485.5  76156.7    75999
read      439.9   375.8   173.5   229.3   244.7   371.0   475.3   534.1   572.4   611.6   658.4   736.9  1265.3  5581.8 10307.7  32443.3    32324
read      417.4   475.9   173.5   231.6   247.5   357.8   423.3   463.1   495.3   536.6   592.1   689.9  1158.4  6669.2 24433.4  83910.3    84255
read      418.5   429.3   173.5   232.7   248.8   359.7   424.5   464.1   496.4   538.3   594.7   695.5  1197.1  6581.6 12632.5  81601.7    81759
read      465.2   639.1   173.5   230.4   246.1   373.0   471.8   532.9   574.4   618.5   674.7   793.7  1693.1  6563.1 31278.4  37351.3    37291
read      434.9   410.8   173.5   230.8   246.3   366.2   448.9   501.8   544.5   594.5   657.0   771.2  1304.7  4894.6 12740.2  53945.3    53818
read      473.5   468.8   173.5   235.1   251.2   400.0   509.8   569.6   606.5   646.2   705.7   837.2  1420.6  5531.6 19847.8  30447.0    30297
read      480.0   500.2   173.5   234.6   251.0   400.2   509.0   568.5   606.3   647.8   707.3   851.9  1638.6  5907.3 18354.1  31478.3    31569
read      443.6   412.4   173.5   229.4   245.1   372.1   467.0   526.2   567.5   610.9   665.2   763.8  1275.9  5015.1 12371.5  38964.7    38927
read      607.1  1386.7   187.4   248.9   272.4   459.4   537.8   582.3   614.3   653.5   719.5   912.7  4573.7 30296.3 40764.4  10681.3    10652
read      422.1   517.2   173.5   235.5   252.5   364.5   423.5   459.5   488.0   524.9   577.4   675.1  1228.8  6250.7 29802.1  98069.7    98119
read      429.5   470.0   173.5   228.6   244.0   361.8   440.1   492.9   535.7   584.9   640.1   727.6  1178.1  5382.0 25354.7  48284.3    48176
read      441.1   388.7   173.5   229.5   245.0   371.3   468.9   525.5   564.9   606.3   656.4   746.8  1348.7  4530.8 12562.9  34918.0    34929
read      407.7   514.2   173.5   226.9   241.6   345.7   410.4   449.6   479.5   520.2   578.1   670.4  1173.1  5454.1 29051.8  69376.3    69735
read      527.5   881.1   173.5   234.8   252.8   431.0   524.2   577.5   614.9   663.2   735.5   864.1  2250.0  9139.0 31979.9  20543.0    20753
read      423.5   387.2   173.5   230.4   246.6   357.1   424.1   466.4   502.5   551.0   624.8   785.4  1398.6  4482.7 11110.9  84825.7    84642
read      441.9   457.5   173.5   231.4   247.3   372.1   463.4   522.5   566.4   613.1   669.3   769.6  1205.0  5031.4 14126.3  42274.7    42333
read      413.0   417.3   173.5   228.1   243.2   354.4   426.1   468.7   503.1   548.4   607.8   696.6  1084.8  4975.1 13726.4  61494.7    61587
read      405.2   404.0   173.5   229.5   245.2   353.7   417.2   454.7   483.5   521.6   576.3   665.2  1036.7  5164.5 15863.0  77793.0    77998
read      385.6   394.5   173.5   228.6   244.0   342.8   397.5   430.4   455.9   488.0   534.6   612.1   869.5  5038.8 16005.4  97906.0    97625
read      459.5   366.0   173.5   235.1   251.4   404.1   504.8   559.7   592.8   629.0   676.8   765.1  1282.8  4679.3  9951.3  23926.3    23781
read      416.9   477.1   173.5   229.9   245.5   354.8   422.0   463.1   496.5   540.8   599.8   705.6  1142.6  5431.6 17570.5  66673.7    66723
read      446.0   467.8   173.5   234.0   249.9   380.7   477.9   532.1   568.9   606.5   649.7   724.8  1151.1  5047.6 20256.7  31049.7    31016
read      438.2   483.6   173.5   233.2   249.2   369.8   449.6   500.9   544.7   593.4   650.5   742.2  1195.4  6477.1 18895.0  47450.3    47394
read      401.8   381.1   173.5   232.1   248.4   351.4   408.3   443.8   470.5   507.2   561.5   659.7  1089.8  5276.4 12856.6  95604.7    95335
read      461.3   439.6   187.4   272.3   298.4   417.4   464.0   493.9   516.8   546.7   591.1   688.0  1165.0  8960.1 12843.3   5356.0     5252
read      416.1   391.3   173.5   230.6   246.3   356.9   426.8   470.1   505.4   550.1   609.6   710.7  1134.6  4671.8 12686.8  65726.7    65908
read      459.2   360.8   173.5   237.6   255.2   427.6   500.9   539.8   566.5   594.3   633.2   709.9  1467.3  4068.0 12364.3  16785.3    16889
read      432.3   472.5   173.5   228.1   243.3   363.4   449.1   502.8   544.6   589.9   641.2   728.8  1203.8  5697.2 19328.6  42813.0    42912
read      405.7   355.9   173.5   232.3   249.2   358.0   417.0   453.3   481.2   518.3   571.6   672.4  1091.9  4639.8 10097.0  99858.7    99898
read      462.7   453.7   173.5   232.9   249.2   397.1   502.0   559.2   593.9   632.3   682.4   779.0  1301.1  4900.9 21096.1  26339.0    26385
read      472.9   629.4   173.5   233.5   250.1   403.1   501.0   552.6   584.6   621.2   669.1   754.8  1445.3  9554.2 30879.1  22761.3    22616
read      425.0   408.3   173.5   229.7   245.5   365.6   445.9   496.9   538.3   586.3   641.7   734.8  1072.7  4769.4  9851.8  50564.7    50605
read      385.6   383.0   173.5   226.7   241.6   338.8   394.8   428.8   455.0   488.2   537.5   620.1   984.5  4586.4 12800.0  90298.3    90283
read      460.1   555.7   173.5   233.3   249.0   391.6   494.6   549.7   582.4   618.4   664.8   752.3  1333.6  6020.3 31131.9  26298.3    26273
read      460.8   584.1   173.5   233.7   249.7   374.6   464.2   524.2   570.8   623.3   692.5   846.8  1483.9  5634.9 32010.1  48536.3    48521
read      458.3   488.9   173.5   233.0   248.6   381.8   482.4   541.8   581.5   623.6   677.5   786.2  1462.4  4937.7 16003.5  34071.0    34058
read      405.2   415.6   173.5   227.6   242.7   346.7   410.7   451.1   482.7   525.2   582.7   676.5  1132.5  5423.8 15866.2  75568.0    75648
read      459.8   319.1   173.5   239.9   258.4   428.7   515.3   561.6   590.5   623.6   665.4   735.9   998.1  4351.2 11538.7  19661.3    19482
read      459.4   364.2   173.5   242.4   261.9   434.6   503.3   540.6   566.6   593.8   631.5   698.3   998.6  5456.0 12800.3  14942.7    15054
read      393.3   388.0   173.5   227.6   242.9   346.0   407.7   445.9   474.7   511.8   568.4   654.9   948.8  3680.0 12377.0  76053.0    75754
read      476.2   506.1   187.4   276.7   303.9   429.7   476.2   503.5   526.8   555.1   593.8   672.1  1449.7  8269.7 18539.0   5199.7     5187
read      472.9   315.1   173.5   245.5   266.3   432.0   508.1   551.8   583.1   620.8   672.6   779.9  1279.5  4017.5  9628.0  17638.3    17656
read      422.3   508.5   173.5   232.9   250.3   364.0   425.0   462.4   492.2   530.8   585.3   689.3  1220.4  6323.4 28292.8  96337.7    96343
read      439.2   377.7   173.5   228.0   243.6   371.0   467.0   526.7   568.0   611.5   666.5   769.7  1219.0  3870.1 12809.4  36671.0    36665
read      408.2   428.1   173.5   225.6   240.6   342.6   404.2   444.2   475.1   517.2   577.8   693.1  1475.0  5616.8 12770.8  85062.0    85269
read      482.6   628.9   173.5   229.4   245.8   383.8   484.7   540.8   580.1   625.4   687.5   844.6  2390.5  9000.8 27694.1  31535.0    31525
read      423.2   393.6   173.5   226.1   241.1   348.6   422.9   471.5   511.6   563.0   629.4   765.7  1467.9  4963.7 11351.7  61616.7    61798
read      458.6   482.3   187.4   241.2   261.1   421.2   480.9   513.5   540.5   572.9   617.6   706.3  1268.8  7027.9 16670.1  12309.3    12253
read      457.2   332.5   173.5   232.1   249.1   397.8   491.3   542.6   578.8   621.5   681.1   827.8  1442.1  3397.4 10471.9  25777.0    25710
read      401.1   487.6   173.5   225.7   240.5   342.5   403.5   442.8   472.4   510.8   568.5   665.1  1092.6  5744.7 25450.2  79878.7    79937
read      471.8   506.4   187.4   261.9   286.2   423.1   474.0   505.5   531.6   563.9   611.5   707.1  1205.5  9206.6 13761.4   7272.0     7271
read      390.5   442.2   173.5   223.5   237.7   334.4   392.0   428.2   456.9   494.0   547.4   639.6  1121.6  5775.8 15404.0  85729.0    85861
read      405.0   430.5   173.5   227.2   242.6   345.3   404.9   443.8   473.3   513.8   574.8   691.4  1261.4  5041.2 16015.9  91800.3    91467
read      407.1   460.2   173.5   226.9   241.8   348.6   414.7   455.6   487.8   529.8   585.9   675.8  1085.2  4924.8 16910.8  71850.0    72217
read      494.9   482.8   173.5   233.9   250.6   403.0   513.1   575.5   619.3   675.0   773.4  1010.2  1791.8  5167.6 16175.4  31048.7    31080
read      409.5   429.5   173.5   227.6   243.0   348.3   412.7   454.5   487.2   530.2   588.2   693.4  1203.7  5371.7 15722.3  76972.3    76878
read      398.1   425.6   173.5   225.5   240.1   339.4   398.1   435.0   464.3   502.2   558.5   654.6  1233.7  5796.1 11765.7  84788.7    84584
read      460.3   512.8   173.5   242.0   261.7   425.1   486.1   518.2   543.1   574.4   616.0   692.8  1143.8  6765.7 18707.1  12565.3    12492
read      400.8   415.0   173.5   223.3   237.3   339.6   408.1   453.3   487.9   531.6   586.4   668.4  1108.9  4771.9 14444.2  57042.0    57106
read      399.0   380.6   173.5   230.4   246.8   353.2   410.1   444.5   470.2   504.9   553.1   635.0  1007.2  4707.2 12695.3  96407.0    96245
read      456.0   367.0   187.4   261.8   286.6   416.0   466.2   497.3   521.8   553.8   597.6   695.4  1253.7  4804.5 12417.5   6805.7     6791
read      402.3   408.8   173.5   228.4   244.2   348.8   407.9   445.0   472.7   510.5   565.8   660.1  1117.1  5767.8 12710.5  90244.0    90728
read      448.6   620.4   173.5   266.6   290.2   394.3   439.0   467.4   490.4   518.1   559.0   637.9  1360.2  6676.2 30647.0   5194.7     5151
read      400.3   407.9   173.5   228.0   243.4   347.7   408.9   445.7   473.7   510.1   564.9   652.0  1058.5  5018.6 14320.6  82223.7    82969
read      430.5   438.3   173.5   227.1   242.1   360.2   442.2   493.9   534.2   581.2   636.5   730.7  1256.0  5597.6 12487.1  42641.7    42635
read      400.6   411.6   160.7   229.6   245.7   349.2   405.7   440.7   467.4   503.1   554.2   649.4  1101.3  5297.0 12592.1  99073.3    99337
read      411.5   429.6   173.5   232.7   249.8   360.9   421.3   457.8   486.0   522.5   575.0   669.3  1089.1  5572.7 16916.9  95073.0    95192
read      394.5   373.1   173.5   224.0   238.2   339.1   403.2   445.6   477.7   519.3   575.3   661.3  1040.9  4710.6 11107.8  69349.7    69200
read      409.1   368.6   160.7   224.1   238.1   345.5   423.6   474.5   513.1   559.0   613.4   701.8  1095.1  4964.1 11257.8  49166.0    49459
read      446.1   443.5   173.5   225.0   240.1   370.8   476.5   533.0   572.2   613.3   661.7   742.8  1606.2  5076.4 12877.9  28913.3    29055
read      385.5   395.6   173.5   219.8   231.5   326.8   390.3   431.4   464.8   506.9   568.2   653.6  1029.2  4948.6 16092.6  64315.7    64324
read      422.3   360.1   187.4   260.9   285.3   390.9   430.1   453.4   469.2   492.9   527.1   591.4   998.8  5685.2 15425.0   5671.0     5705
read      376.7   451.2   160.7   219.6   231.4   322.6   379.7   414.1   440.3   473.5   523.4   610.4   986.0  5561.0 19896.7  84648.7    84816
read      440.6   550.9   173.5   225.4   240.5   382.6   477.6   524.2   555.8   589.4   630.8   700.0  1118.1  8242.3 30982.6  23730.3    23714
read      390.3   447.5   173.5   221.2   234.0   332.4   395.7   434.2   465.0   504.4   561.1   648.1  1054.9  5190.9 16238.9  73939.0    74116
read      431.0   419.7   173.5   226.1   241.6   391.0   477.4   516.7   542.8   572.5   608.5   670.8  1025.8  5727.6 15794.7  19908.7    19948
read      419.8   462.7   173.5   223.1   237.4   351.6   432.8   486.1   528.6   579.6   634.5   718.5  1163.0  4929.0 15969.9  44164.0    44213
read      469.7   851.1   173.5   227.1   242.6   396.1   482.5   522.3   550.2   582.7   622.5   689.0  1733.9 10223.5 32143.6  19478.3    19454
read      421.9   447.7   187.4   255.3   276.7   393.9   435.7   459.3   475.3   497.8   528.5   586.3   791.8  5675.9 20238.9   7230.7     7190
read      426.4   508.2   173.5   223.9   238.4   356.4   434.2   484.7   524.0   574.6   632.9   721.4  1212.8  7171.0 28102.9  47386.7    47657
read      410.0   535.8   173.5   220.0   232.6   339.2   416.5   470.0   507.6   553.5   607.4   683.9  1075.5  5843.5 29960.1  44491.0    44399
read      423.4   386.1   187.4   258.3   280.8   391.6   431.7   455.3   470.9   494.9   530.0   593.7   842.0  6951.1 12694.3   6420.0     6481
read      434.0   496.3   187.4   262.7   286.2   393.1   433.2   457.2   473.4   498.6   532.1   591.7  1016.3  7686.8 22622.2   5750.3     5807
read      386.8   471.9   160.7   221.0   234.0   330.7   391.0   427.5   456.3   492.2   542.4   627.7   975.9  6033.0 26190.0  82734.3    83137
read      442.4   647.6   173.5   241.8   262.4   404.0   452.8   478.4   497.6   520.9   552.4   614.7   994.7  8025.8 30230.3   9521.3     9580
read      411.3   442.7   173.5   221.5   235.1   346.5   431.5   484.2   521.0   562.0   607.4   674.4  1037.7  4763.8 20411.9  37587.7    37385
read      421.0   357.3   173.5   223.0   237.2   354.2   449.6   504.1   544.3   587.9   634.6   709.3  1218.2  4507.1 10928.0  33923.3    33706
read      414.6   366.9   173.5   221.0   234.3   349.2   440.7   495.2   534.0   577.3   626.7   704.9  1112.1  4221.7 12152.8  35317.0    35204
read      412.0   504.8   160.7   222.6   236.5   343.9   419.1   468.2   507.7   556.9   612.9   687.5  1048.1  5638.5 28171.6  50757.3    50438
read      399.8   452.8   173.5   220.4   232.8   334.8   407.0   457.3   496.6   542.7   594.8   670.6   935.1  5556.6 13255.0  48957.0    48878
read      416.1   414.8   173.5   221.1   234.6   345.3   428.1   482.2   522.6   571.0   623.7   702.4  1244.6  5066.7 12134.2  42723.3    42682
read      428.0   501.9   160.7   222.4   235.9   360.4   461.6   510.9   546.2   581.3   622.9   689.1  1210.8  5315.9 27622.5  27511.7    27416
read      405.0   560.2   173.5   220.8   233.6   336.8   404.4   448.7   483.1   526.8   584.7   675.3  1202.2  8089.7 28807.8  64246.3    64424
read      397.2   493.9   173.5   221.4   234.7   339.0   406.0   448.7   481.6   523.2   580.1   665.2   961.1  5045.4 29484.6  64202.7    64364
read      454.5   761.6   187.4   262.2   288.9   389.6   426.9   449.3   466.0   489.2   522.6   598.3  1646.2 13681.0 25292.2   5506.3     5481
read      434.1   308.6   173.5   229.2   245.9   386.1   472.0   518.6   551.0   588.1   632.7   708.0  1103.4  4125.5  9349.3  26068.3    26227
read      434.6   402.4   173.5   226.3   241.5   375.5   472.3   521.1   554.0   588.9   631.8   707.3  1228.2  4473.3 15110.3  26541.3    26586
read      382.1   452.9   160.7   221.1   234.2   330.0   388.5   423.4   450.3   483.9   534.1   617.6   958.4  5101.2 14829.5  86330.0    86286
read      427.6   356.6   173.5   222.9   237.5   370.7   467.7   512.3   543.5   579.0   623.4   699.3  1172.1  4252.3  8124.2  24411.7    24452
read      443.3   536.3   173.5   224.4   239.2   374.8   478.9   530.3   566.3   604.7   648.3   724.3  1227.7  5867.1 30495.6  26840.3    26832
read      432.4   467.4   173.5   222.7   236.8   362.0   459.1   511.4   548.7   588.0   632.8   710.6  1457.3  6046.4 25825.8  29977.3    29795
read      414.0   386.1   173.5   222.9   236.7   351.7   431.2   484.2   525.6   575.5   632.4   714.8  1030.3  4262.0 13322.8  46061.3    46224
read      378.2   413.8   173.5   220.6   233.4   329.3   387.8   422.6   449.3   482.5   531.2   614.4   902.7  4472.2 15683.3  84870.0    84587
read      389.1   438.0   173.5   220.3   232.5   331.7   398.2   441.2   474.2   516.3   573.6   652.3   980.0  4706.7 16333.2  63172.0    63389
read      420.5   556.5   173.5   221.9   235.6   346.4   423.4   472.3   510.5   560.3   617.1   694.8  1254.9  6503.2 25654.3  46953.3    46953
read      376.2   363.8   173.5   222.1   235.8   330.8   387.7   421.7   447.6   479.8   526.4   604.4   861.0  5023.4  9442.0  90326.3    90536
read      435.9   527.1   173.5   235.4   253.0   412.9   472.8   502.0   525.2   552.6   591.0   657.7   947.5  4009.4 38630.6  12570.7    12508
read      429.6   531.4   173.5   222.4   236.6   355.5   442.2   495.8   537.0   583.4   634.7   718.5  1300.4  6038.2 29532.4  38557.3    38491
read      376.9   348.5   173.5   222.8   237.1   334.6   389.6   422.9   448.5   479.8   526.3   603.8   887.6  4480.2  9654.8  97876.0    97806
read      434.8   267.6   173.5   237.7   256.7   415.0   472.4   502.4   526.7   555.8   593.2   662.4   942.2  3476.7 10627.4  11811.7    11813
read      426.5   424.9   160.7   223.0   237.3   354.1   442.7   498.3   540.1   586.2   635.8   716.4  1286.5  5945.4 12669.4  39344.0    39665
read      394.6   346.7   173.5   220.3   232.6   335.5   407.2   455.9   492.9   538.5   592.8   672.5   987.7  5086.3 12192.0  53420.3    53571
read      396.2   361.9   173.5   221.2   234.3   338.0   405.4   448.4   481.7   524.1   582.8   667.9  1079.1  5289.1  8497.1  63174.7    63215
read      392.1   523.2   173.5   221.4   234.7   332.7   393.8   430.8   459.6   495.3   546.7   632.3   985.4  6198.1 28710.1  78894.7    78767
read      446.8   512.6   173.5   246.7   268.7   408.6   457.6   484.0   502.7   528.1   562.0   624.0  1345.2  7299.8 24648.7   8706.0     8615
read      386.6   347.1   160.7   220.8   233.5   330.8   394.0   434.2   466.9   507.1   564.7   650.7  1046.4  4693.2  9842.0  67764.3    67903
read      444.7   463.2   173.5   230.1   246.6   412.3   483.6   517.5   543.9   574.9   613.3   679.4  1068.3  5671.4 19382.3  16446.0    16398
read      400.9   454.2   173.5   221.3   234.1   340.3   411.1   457.1   492.7   537.8   593.4   673.3  1000.3  5371.6 17368.2  53650.0    53434
read      423.0   384.2   173.5   223.7   238.3   360.2   446.2   499.4   540.5   586.1   636.6   710.6  1149.7  4621.9 14537.7  37985.7    38068
read      434.8   417.0   173.5   246.1   267.5   407.3   455.5   481.1   499.5   523.2   555.6   614.2   953.5  5972.1 12827.3   9133.3     9130
read      397.7   492.5   173.5   221.5   234.8   335.8   400.9   441.8   473.1   512.3   570.6   658.9  1139.1  5726.1 15861.7  68926.3    69227
read      406.5   354.4   173.5   221.0   233.6   342.9   432.5   487.3   525.8   568.7   616.1   686.7  1037.1  4370.3 12138.6  37497.7    37496
read      373.6   386.6   173.5   219.8   231.9   325.3   382.5   416.8   443.7   477.9   525.8   605.7   885.6  5340.3 12887.7  83823.0    83925
read      419.7   635.1   173.5   222.1   235.6   344.4   416.4   464.0   501.8   550.5   610.0   690.7  1112.9  8981.7 30506.0  51257.0    51037
read      424.4   366.4   173.5   224.9   239.9   360.3   457.1   511.6   550.7   590.1   637.6   717.0  1152.9  4023.7 11829.5  33821.0    33690
read      418.9   487.3   173.5   224.5   239.0   348.3   428.2   481.3   523.8   576.3   636.3   729.0  1058.3  5701.5 25278.6  51374.3    51474
read      388.6   518.3   173.5   222.2   235.9   332.4   393.1   430.5   460.3   497.8   549.5   632.7   942.9  5567.9 20454.7  73603.7    73708
read      383.2   356.5   160.7   225.0   239.9   341.1   396.9   430.3   456.5   488.8   535.5   617.7   873.4  4924.0 11332.3  98460.0    98618
read      380.9   379.7   173.5   222.6   236.6   330.6   387.9   423.1   450.9   486.0   536.3   619.3   984.3  4839.0 12705.0  82148.3    81977
read      368.0   381.4   173.5   222.0   235.8   324.4   377.2   409.0   433.6   464.6   507.3   585.2   826.4  4579.4 14783.7  91708.3    91567
read      420.6   479.4   173.5   223.5   237.6   351.4   432.3   484.8   526.2   577.3   634.8   724.1  1162.0  4923.1 29582.8  48104.7    48236
read      382.1   403.3   173.5   223.6   237.8   335.7   392.6   426.9   453.3   485.7   532.1   611.5   880.3  5040.4 12543.9  91849.3    91726
read      409.7   452.1   173.5   221.6   234.7   342.9   417.7   465.4   502.8   552.1   612.4   693.0  1163.9  4983.8 13600.3  52293.3    52458
read      408.8   488.7   173.5   224.1   238.5   342.6   407.6   449.6   482.2   525.9   585.6   683.9  1215.1  6048.3 20371.6  70545.3    70467
read      433.2   492.4   173.5   230.4   246.3   360.6   432.7   478.3   516.0   565.6   631.9   766.4  1332.8  6209.2 16190.2  71107.0    71151
read      411.2   347.5   173.5   227.7   243.0   350.5   420.6   464.8   500.9   549.1   610.2   714.0  1154.2  4614.7  9869.8  65045.7    65016
read      458.6   561.5   173.5   228.9   244.7   370.0   463.0   520.6   564.4   613.6   678.9   832.5  1584.6  7970.6 26796.7  41932.0    42057
read      406.9   434.8   173.5   226.4   241.2   342.4   405.2   446.6   478.3   521.4   583.4   695.9  1285.8  5694.8 17843.5  78711.7    78821
read      405.0   367.5   173.5   224.7   239.0   342.9   411.7   455.3   489.7   534.6   591.4   685.5  1262.1  4375.2 12147.1  60772.3    60720
read      424.2   488.9   173.5   226.1   241.1   357.8   441.4   491.7   530.1   575.2   627.9   711.5  1205.4  4940.0 30650.2  39634.3    39911
read      491.4   575.3   173.5   248.8   270.2   433.6   494.3   532.7   564.0   603.8   662.4   812.7  1674.6  7226.6 30603.9  10627.7    10628
read      420.0   650.1   173.5   227.5   243.1   352.7   420.9   463.1   496.9   542.5   605.8   723.7  1279.1  5453.7 30231.0  73618.3    73736
read      436.5   421.6   187.4   257.5   281.2   402.6   447.0   470.9   491.5   514.7   552.9   628.3   968.0  7536.9 13845.9   7332.7     7334
read      409.3   515.6   173.5   228.0   244.2   351.7   411.6   448.4   476.1   513.4   569.6   666.3  1133.3  6160.8 30287.5  91418.0    91868
read      396.7   461.5   173.5   225.1   239.7   340.7   401.2   439.3   468.6   505.7   560.2   643.9  1055.0  5489.3 21335.7  76503.3    76670
read      449.5   387.9   187.4   246.5   267.1   417.7   471.0   501.0   524.4   552.2   594.0   674.3  1099.4  6237.1 15583.0  10468.0    10405
read      455.4   402.6   173.5   235.1   252.4   397.2   484.6   532.1   566.3   605.2   657.2   759.1  1381.6  5361.8 10966.9  25865.3    26019
read      417.8   447.5   173.5   225.9   240.5   349.1   423.1   470.9   507.7   554.1   614.1   720.4  1254.4  5122.0 20174.3  55451.0    55530
read      495.9   723.5   173.5   229.6   245.6   384.1   482.3   536.0   574.8   620.4   690.8   916.6  2618.1  7818.1 29795.4  29541.7    29615
read      399.7   400.9   173.5   225.4   240.2   343.1   407.6   449.7   482.2   523.7   579.0   662.0  1010.6  5234.2 10766.7  65824.3    66057
read      429.1   406.3   173.5   226.0   240.8   350.8   426.7   476.4   516.3   568.3   633.3   770.3  1630.7  4983.2 11896.6  55213.3    55281
read      460.8   579.8   173.5   235.0   251.1   406.2   492.2   535.8   566.3   599.8   642.6   738.1  1267.1  8389.1 30624.5  21027.0    21177
read      394.9   377.3   173.5   226.2   241.4   341.8   399.5   435.4   464.1   500.6   553.8   644.5  1145.7  5077.7 10154.9  88180.0    88239
read      417.6   650.1   173.5   226.3   241.1   346.5   412.3   453.3   484.9   526.1   584.1   677.4  1249.8  8266.7 31679.6  70172.3    70227
read      468.9   529.9   173.5   232.2   248.8   403.7   491.0   534.4   566.5   604.9   661.9   813.1  1662.7  5055.5 25208.2  23192.7    23421
read      422.4   384.1   173.5   232.7   250.0   361.7   423.4   462.6   495.0   538.1   601.3   740.8  1353.2  5070.0 11356.8  97064.3    97104
read      474.8   538.5   187.4   265.8   291.1   420.0   466.1   495.4   518.2   549.5   600.0   691.9  1483.7  9188.1 19547.6   6245.7     6235
read      455.1   556.8   173.5   230.6   247.0   369.9   450.4   502.3   544.3   596.4   670.8   846.3  1586.0  7911.1 25658.7  57783.0    58045
read      443.1   367.4   173.5   231.3   248.1   392.4   482.3   527.8   560.6   596.0   642.4   738.3  1148.5  4415.6 12577.4  23741.0    23729
read      438.9   460.5   173.5   229.2   245.3   366.6   452.8   505.1   546.3   592.9   645.2   740.1  1434.3  5395.1 18794.8  40867.0    40897
read      439.4   467.5   173.5   229.5   245.3   363.7   441.9   493.2   534.0   584.2   648.8   788.0  1453.3  5720.2 19754.2  53103.0    53312
read      410.8   462.6   173.5   229.1   245.2   350.6   412.0   451.5   482.7   523.4   582.0   689.4  1177.9  5743.0 21165.3  87278.0    87262
read      420.6   394.5   173.5   232.3   248.8   362.2   427.4   467.3   499.5   541.6   601.5   718.3  1271.2  5271.2  8240.6  81776.0    81836
read      409.9   483.4   173.5   230.2   246.8   353.8   413.4   450.8   479.3   517.5   573.1   676.1  1149.6  5503.9 28286.4  92188.3    92274
read      443.4   477.8   173.5   230.9   247.1   366.3   449.9   501.8   543.7   591.8   655.1   781.7  1453.5  5435.6 19592.0  47302.0    47252
read      420.3   447.6   173.5   229.3   244.9   352.0   418.2   462.0   497.4   543.7   610.0   745.0  1320.6  5502.3 17359.7  76049.7    75747
read      422.4   372.3   173.5   231.3   247.4   358.8   426.1   467.9   501.3   546.2   611.8   742.3  1413.4  4534.4 10689.9  81122.7    80994
read      437.8   463.4   173.5   235.1   252.4   366.4   430.3   471.6   507.0   555.2   632.9   816.8  1467.0  5419.3 16000.6  97807.7    98224
read      431.1   289.3   187.4   255.6   279.0   408.7   455.2   481.2   501.5   527.4   561.9   629.1  1002.7  2502.6 13260.5   7776.3     7737
read      472.5   688.8   173.5   227.0   243.1   381.6   482.7   545.2   593.5   646.1   717.2   862.3  1593.7  6393.8 32461.1  37452.7    37514
read      498.1   833.8   173.5   237.9   259.1   426.9   489.0   524.2   553.1   590.8   636.0   715.1  2895.8  8535.6 31806.8  10637.3    10640
read      372.1   397.7   160.7   219.1   230.9   323.1   376.8   409.2   434.9   468.5   514.5   598.6  1134.8  4986.7 11946.0  90246.7    90490
read      379.1   362.3   160.7   221.1   234.2   331.8   388.9   422.9   449.4   482.3   529.5   614.3   964.4  5097.1 13038.4  92713.3    92514
read      379.2   486.6   173.5   219.8   232.1   325.8   381.0   414.1   439.3   471.3   518.4   604.6   976.5  6019.4 28644.0  88792.7    89245
read      385.7   401.9   160.7   221.0   234.0   334.8   398.8   436.2   465.9   502.9   556.2   639.5   900.9  4844.5 12908.4  73642.0    73823
read      406.5   369.9   160.7   221.4   234.6   346.2   426.4   478.2   516.7   563.9   617.9   691.9   983.7  4146.5 12687.2  46520.0    46565
read      470.5   656.7   173.5   225.4   241.1   406.5   499.5   547.2   581.8   621.9   678.0   783.2  1350.0  5505.9 31550.8  21482.0    21419
read      415.5   641.0   173.5   220.6   233.5   336.6   404.7   450.6   486.2   532.3   594.3   701.6  1451.9  8338.1 31097.9  67231.0    66915
read      467.2   620.3   173.5   222.3   236.8   376.1   484.1   543.1   584.6   632.1   694.6   837.2  1614.8  5920.3 31148.4  31886.3    31667
read      395.0   453.2   173.5   221.0   233.7   332.9   397.6   438.1   470.1   510.0   569.2   659.0  1229.2  4846.3 18213.8  72099.7    72255
read      374.9   357.2   160.7   222.6   236.5   334.9   389.4   421.4   445.9   476.1   519.9   598.3   857.7  4359.0 10563.0  99553.7    99535
read      502.2  1061.7   173.5   242.0   263.7   419.2   474.0   504.6   530.7   563.1   608.6   683.1  1798.2 13608.5 32834.6   9204.7     9226
read      394.0   402.8   173.5   221.2   234.3   338.4   405.3   446.6   477.6   518.6   577.2   666.7  1025.9  4736.2 15461.0  67809.3    67844
read      381.6   347.2   173.5   219.4   231.5   329.1   392.4   431.6   462.5   501.2   556.4   641.6   982.8  4462.2 10146.4  71283.7    71413
read      380.0   409.8   160.7   222.9   237.2   336.4   392.7   425.8   451.1   482.3   527.4   605.9   869.6  4913.5 13474.1  97661.0    97328
read      392.5   408.0   160.7   219.6   231.7   333.6   402.9   449.3   485.0   528.9   585.8   669.2  1013.3  4440.6 11949.0  55267.3    55113
read      401.6   354.9   173.5   221.3   234.6   342.0   415.8   462.7   500.5   550.1   609.3   689.2  1030.1  3994.1 11036.2  53784.3    53743
read      477.4   642.9   173.5   231.0   249.0   418.7   490.1   529.5   560.2   597.6   647.2   741.3  2041.3  6177.3 31303.5  15201.3    15253
read      389.5   529.0   173.5   222.4   236.4   332.5   388.1   422.0   448.6   482.3   532.5   622.2  1064.8  6190.6 28833.4  90569.0    90605
read      517.2   882.6   173.5   225.5   241.7   411.8   516.5   579.8   625.2   681.1   764.5   913.0  2092.8 12930.1 33152.3  25862.0    25767
read      398.4   527.1   173.5   222.4   236.3   335.6   393.7   429.3   457.9   494.4   547.7   648.6  1512.6  5287.5 30663.3  93312.3    93458
read      356.3   332.8   160.7   218.3   229.8   315.8   367.3   397.4   421.4   451.3   492.2   563.2   798.5  4451.9 11269.3  95191.0    95080
read      361.5   303.5   173.5   218.3   229.8   318.1   372.0   403.7   430.1   462.5   506.1   585.5   869.8  4446.6  7486.0  88165.7    88399
read      382.6   441.2   160.7   222.3   236.4   335.8   392.0   424.8   450.1   481.6   528.0   609.4   930.3  5329.1 24638.8  95673.0    95681
read      461.2   579.7   173.5   223.8   238.7   373.3   480.9   542.1   585.7   633.8   695.8   838.5  1374.6  5793.5 29299.0  33088.7    33003
read      385.7   441.7   160.7   223.9   238.9   340.3   397.6   431.3   457.3   489.1   534.3   613.4   875.3  4978.0 21116.7  98737.7    98809
read      398.2   385.6   173.5   222.6   236.9   344.8   414.3   456.5   488.8   531.4   590.2   677.4   991.9  4847.2 13490.4  64795.7    64610
read      417.2   496.2   173.5   222.1   235.9   348.3   426.3   477.2   517.7   567.5   625.7   710.3  1127.3  7619.1 26961.2  51135.7    51183
read      460.2   569.2   173.5   225.7   241.6   403.6   486.7   529.5   563.5   605.4   664.8   767.3  1367.1  5837.5 30014.4  20150.3    20194
read      496.3   954.8   173.5   249.9   277.1   430.4   483.4   511.8   538.7   571.7   615.4   688.7  2302.2 11139.0 39248.6   7567.7     7602
read      460.5   616.3   173.5   222.6   237.0   357.1   449.0   510.0   560.7   618.1   691.3   879.1  1771.7  8849.2 29617.7  46688.3    46677
read      482.3   965.3   187.4   259.9   287.4   401.8   444.4   468.6   488.3   509.3   545.1   609.0  1957.6 12780.0 32021.0   5570.0     5577
read      507.5   701.8   173.5   227.1   244.4   421.4   517.2   576.1   621.0   674.1   744.1   869.3  1978.4  7861.7 30577.4  22828.7    23035
read      406.0   381.7   173.5   220.4   233.3   337.2   410.8   461.0   499.7   548.9   613.4   713.5  1310.7  5023.8  9644.9  57341.7    57516
read      389.3   448.3   173.5   220.7   233.0   330.2   396.8   439.4   473.6   515.9   575.0   654.8   897.7  5023.1 18720.8  63044.3    62851
read      440.2   640.6   173.5   221.8   235.4   350.5   444.2   500.6   541.8   588.8   642.0   736.2  1561.8  7205.7 31507.2  38662.7    38431
read      517.8   783.6   173.5   225.3   242.2   422.1   531.4   600.5   646.8   706.0   787.7   922.6  1711.7  7533.7 35261.1  25706.7    25729
read      506.0   636.8   173.5   230.9   249.2   436.5   538.5   598.2   637.5   683.8   744.4   853.8  1756.2  6572.3 30679.8  19426.3    19443
read      526.9   914.6   173.5   228.9   246.9   429.3   521.0   576.5   615.3   660.2   721.8   834.4  3816.5  8938.5 35678.5  19402.0    19461
read      494.0   796.0   173.5   224.0   238.9   368.1   468.9   536.9   590.8   653.1   749.5   957.1  2385.8  9716.3 31290.3  42355.7    42341
read      524.0  1135.4   187.4   261.0   288.2   411.5   457.3   484.7   505.7   534.9   576.1   667.9  3460.8 21823.3 35554.4   5650.7     5691
read      438.2   594.5   160.7   223.0   237.5   359.0   449.1   503.8   546.1   595.5   652.6   745.9  1329.8  5714.6 31243.8  39906.3    40223
read      485.3   716.5   160.7   223.7   238.8   394.1   501.5   561.9   604.6   654.2   728.0   874.4  1534.4  8325.3 29764.5  29951.0    29941
read      502.8   709.4   173.5   224.1   239.6   373.7   477.6   548.7   605.6   677.1   792.7  1010.6  2900.7  7091.4 30900.4  41380.7    41162
read      427.4   452.3   173.5   223.2   237.3   352.5   438.6   493.8   536.1   584.9   637.9   730.0  1356.9  5430.2 13903.2  43925.0    43863
read      485.7   636.6   173.5   227.3   244.3   419.6   506.1   555.9   593.7   638.2   704.6   820.8  1735.3  6245.9 31301.7  20248.7    20318
read      405.1   624.8   160.7   224.2   238.9   344.5   404.7   441.3   468.8   503.2   551.9   635.6  1100.7  6975.7 31559.0  93398.0    93421
read      411.3   391.0   160.7   222.1   235.6   344.5   423.6   476.1   516.3   565.8   624.4   710.0  1110.3  4815.4 15658.8  48503.3    48578
read      426.8   637.1   160.7   222.4   236.2   350.3   437.0   492.3   531.9   578.8   632.2   716.9  1061.0  7909.7 31360.1  40602.0    40595
read      490.9   625.8   173.5   229.0   247.0   428.4   514.5   567.1   605.9   647.8   708.6   812.3  1700.0  5411.7 29778.0  17674.0    17677
read      404.7   417.6   173.5   223.7   238.3   343.4   406.1   445.5   474.7   513.5   574.7   681.9  1492.4  5174.0 15196.6  78908.3    78948
read      480.6   896.5   173.5   243.0   264.2   413.4   465.8   493.8   513.4   542.3   583.8   652.9  1716.1 13697.9 31750.9   9629.7     9703
read      492.1   947.1   173.5   243.9   265.5   416.0   474.3   504.6   532.0   567.1   613.5   689.1  2426.5  9101.3 41880.4   9634.7     9686
read      532.9  1035.5   173.5   249.7   274.0   421.9   477.7   507.6   534.8   568.6   615.4   698.1  4307.5 16713.2 31850.7   7993.0     7968
read      561.1  1209.3   173.5   231.4   250.7   435.4   526.0   585.6   623.5   668.3   728.6   842.1  4050.8 14774.3 37773.7  15840.3    15830
read      490.3   844.6   187.4   251.0   275.8   425.8   478.2   507.2   533.4   565.3   608.2   681.8  2100.3  9124.9 33524.6   8207.0     8192
read      408.2   493.3   173.5   223.2   237.7   341.7   403.5   442.7   471.6   510.7   572.1   679.8  1487.8  6013.7 28452.5  79088.3    79410
read      388.4   425.7   173.5   221.8   235.4   334.8   395.9   433.1   462.6   499.1   550.8   636.9   981.5  5239.7 17017.2  76608.7    76582
read      413.3   395.7   173.5   224.8   239.5   351.2   426.4   474.3   511.7   560.3   619.4   709.7  1086.3  4707.2 12475.8  54599.7    54634
read      389.9   379.6   160.7   224.0   238.4   338.2   401.6   440.8   470.7   508.2   566.2   652.9   919.8  4752.7 16485.7  72252.7    72177
read      528.0   985.6   173.5   237.8   256.5   437.4   511.7   557.1   591.0   630.5   683.6   783.7  3682.9 12518.3 31919.9  15051.7    15101
read      482.2   535.8   173.5   252.0   277.6   435.4   489.8   520.2   545.1   580.0   622.8   690.1  1747.0  7764.9 16988.3   8161.0     8167
read      423.0   438.3   173.5   223.4   237.9   352.5   436.0   489.1   528.4   574.9   629.1   720.0  1217.5  5213.3 16130.1  44108.3    44130
read      405.6   518.6   160.7   222.0   235.7   340.5   414.0   462.3   498.2   543.2   603.9   688.2  1004.8  5041.6 29506.5  53031.7    53047
read      370.2   356.4   160.7   220.9   234.1   326.5   378.7   409.7   434.1   465.1   507.8   588.2   872.3  5216.5 10216.0  97153.3    97171
read      381.6   342.6   173.5   222.3   236.3   336.1   396.4   432.5   461.0   496.3   546.5   631.4   888.5  4227.7 10222.3  81214.3    81360
read      381.7   465.7   160.7   220.3   232.6   326.3   388.3   426.4   456.7   493.9   543.5   625.9   925.4  5584.7 25294.6  76988.0    77277
read      454.8   674.0   173.5   221.3   235.1   356.9   455.2   514.3   557.6   608.6   675.5   820.3  1752.8  5692.4 32061.9  38315.7    38294
read      532.4  1151.5   173.5   235.0   255.7   423.5   488.4   528.6   562.0   601.0   652.1   746.1  3619.8 13893.1 40749.6  11216.7    11165
read      403.5   465.7   173.5   222.7   236.9   341.4   407.0   448.5   479.6   519.5   578.3   673.9  1387.1  4836.1 20256.4  73859.0    74155
read      497.2  1691.3   173.5   235.2   254.1   423.8   488.6   526.0   556.5   598.4   650.7   737.8  2150.3  5711.7 38433.7  12240.7    12255
read      437.8   528.1   173.5   223.6   238.5   356.7   438.1   490.0   530.7   583.8   651.0   777.3  1519.0  7268.4 21587.3  52238.3    52404
read      447.6   477.4   173.5   231.2   247.8   414.0   490.0   525.3   549.3   580.8   619.7   682.3   937.0  7005.6 21188.1  17185.0    17057
read      469.0  2263.7   173.5   256.7   281.2   392.2   431.4   455.9   473.1   497.4   530.3   592.1  1521.1 10417.0 207562.0   6133.3     6005
read      389.8   818.5   160.7   222.4   236.5   337.1   396.5   431.9   459.6   494.3   542.8   630.7   990.6  5697.5 12478.3  85529.0    85707
read      387.2   844.0   173.5   222.2   235.8   335.3   396.7   433.6   462.7   498.4   548.0   631.4   886.8  5275.4 15568.9  79698.7    79742
read      410.3   684.4   160.7   223.0   236.7   344.0   418.5   464.6   500.2   545.4   606.0   691.4  1059.3  5872.6 22433.4  58317.3    58322
read      434.3   269.6   173.5   226.3   241.9   383.3   486.7   538.0   574.4   613.7   660.6   737.2  1032.8  3634.7  8544.5  26291.7    26212
read      413.5   477.1   173.5   223.5   237.5   343.8   413.9   457.1   490.4   533.1   592.0   688.7  1362.1  5925.0 15738.4  69216.3    69487
read      436.4   807.8   173.5   222.5   236.8   364.4   468.0   519.9   556.0   597.7   645.8   735.0  1413.8  4537.8 12091.8  29537.7    29507
read      428.3   538.9   173.5   224.8   239.5   352.6   431.6   483.1   523.2   574.5   636.5   730.8  1365.2  6108.6 28849.9  51242.0    51412
read      399.4   682.1   173.5   220.6   233.3   331.8   398.0   439.8   472.1   514.8   576.2   674.1  1174.9  5470.6 26565.3  67590.7    67374
read      412.1   442.9   173.5   222.8   236.7   346.4   421.7   467.0   502.9   548.7   609.5   693.4  1189.3  5055.9 25294.8  55160.0    55125
read      416.2   564.5   173.5   221.1   234.4   339.2   411.3   460.5   498.5   545.1   603.0   682.0  1154.2  7755.6 29005.0  53301.3    53048
read      477.1   525.2   173.5   237.1   255.8   428.2   488.0   518.8   542.7   574.1   616.5   704.0  2492.5  5934.3 24588.1  12145.0    12192
read      425.1   805.5   173.5   222.1   236.2   347.8   441.2   496.6   534.4   576.9   625.8   700.9  1307.0  5408.5 30165.5  36038.7    36138
read      390.8   402.9   160.7   221.0   233.4   330.4   396.0   438.5   472.7   516.6   574.5   655.0   993.7  5100.6 11726.7  60874.3    60799
read      440.4   536.8   173.5   223.5   238.1   357.4   453.0   511.7   554.7   602.3   656.8   748.5  1488.4  5563.0 29258.4  36400.3    36368
read      436.0   680.8   160.7   221.6   235.3   347.7   438.3   494.1   534.7   580.6   632.3   714.0  1430.4  8033.0 31501.9  39702.7    39729
read      369.5   372.3   173.5   220.4   233.2   324.7   378.2   410.4   435.2   467.6   511.6   593.8   935.9  4404.1 12591.4  95710.0    95693
read      407.5   218.4   160.7   226.0   241.9   364.7   447.8   498.4   535.6   577.9   627.6   695.9   856.7  1524.4  9632.7  40890.0    40999
read      374.4   211.8   160.7   220.8   234.7   337.6   403.4   445.0   474.7   509.9   557.1   631.9   796.8  1168.9 10350.4  65083.7    65037
read      433.2   321.3   173.5   242.1   263.4   421.3   473.6   500.7   521.0   545.1   581.7   636.4   781.4  3809.8 14545.3  12648.3    12633
read      393.8   197.6   160.7   224.7   240.1   360.4   432.5   474.7   505.9   543.2   590.1   659.4   802.2  1151.0  8071.2  50045.7    50117
read      382.2   215.8   173.5   222.2   236.8   343.4   412.1   454.9   486.3   523.5   574.0   648.1   815.5  1575.9  7919.1  62749.3    62765
read      429.4   268.5   173.5   241.8   262.6   419.4   472.2   498.5   517.3   541.5   574.7   628.0   776.0  4037.6 10141.3  12451.3    12379
read      400.0   220.2   160.7   226.1   241.8   362.8   436.8   480.6   512.0   549.8   602.5   676.0   841.4  1925.6  9558.7  49141.3    49369
read      404.8   248.2   160.7   225.5   241.3   362.9   443.9   492.1   525.7   564.8   613.2   680.7   840.9  2689.5 10630.9  38987.0    39111
read      393.6   192.4   173.5   224.9   240.2   354.9   427.5   472.2   506.0   546.6   599.4   672.2   835.9  1195.4  7428.0  52585.0    52692
read      417.6   206.9   160.7   229.8   247.4   388.7   477.1   516.9   543.6   576.0   616.7   678.2   826.7  1163.2  8563.8  24637.0    24539
read      381.6   713.5   173.5   222.2   236.5   341.3   408.7   451.2   483.2   521.2   569.6   640.2   792.4  1465.0  8521.6  61587.3    61591
read      392.5   213.7   160.7   223.1   238.2   352.6   426.7   473.1   507.4   548.0   598.6   669.2   809.1  1264.3  9168.9  47950.0    47864
read      426.6   266.7   173.5   236.2   254.3   417.1   479.9   508.3   530.8   555.2   589.2   640.0   787.9  3940.1 12358.0  16385.0    16479
read      364.8   168.3   160.7   220.4   233.6   331.6   393.5   430.4   459.0   493.4   539.0   611.5   765.0  1067.8  6812.3  75217.3    75268
read      454.1   488.2   173.5   256.9   280.5   420.1   465.7   491.8   509.4   537.0   573.2   635.4   863.3  8097.6 16521.6   8712.7     8714
read      445.1   375.1   173.5   247.5   270.9   426.1   481.1   507.0   528.6   551.9   590.0   651.3   824.1  5956.1 14001.3  12865.7    13002
read      363.0   182.3   160.7   220.1   233.0   329.3   390.3   426.7   454.5   487.6   531.8   605.4   760.8  1120.2  8515.3  77040.0    77147
read      402.7   253.2   160.7   224.2   239.5   359.1   439.8   489.9   526.6   569.6   622.5   692.2   853.5  1275.2 11369.7  43306.3    43518
read      416.2   268.9   173.5   227.4   243.8   379.1   470.5   513.4   541.7   575.3   616.4   675.6   813.6  3965.9 12126.3  27086.3    27206
read      385.0   204.0   160.7   222.1   236.4   346.8   418.3   461.8   494.5   534.3   585.7   657.3   801.8  1213.0  8318.6  55985.0    55859
read      406.4   271.9   160.7   224.4   240.2   361.8   448.0   500.2   534.9   573.2   618.2   680.9   843.9  1896.2 10688.9  37598.7    37448
read      400.2   209.0   160.7   224.3   239.5   359.5   438.6   488.2   525.3   568.1   618.5   684.7   831.6  1196.8  8699.2  44733.0    45026
read      350.0   172.5   160.7   220.6   233.8   323.5   375.2   404.9   428.4   456.7   493.7   553.4   704.6  1067.5  6849.7  99975.3    99974
read      373.7   210.5   160.7   220.7   233.8   337.3   404.6   444.6   474.1   509.7   558.2   631.8   785.2  1135.9  8352.3  64543.3    64632
read      396.6   235.6   173.5   222.7   237.6   356.3   432.8   478.5   512.2   552.5   605.6   681.2   847.7  1525.5 10161.0  49088.0    49061
read      360.5   177.6   160.7   220.3   233.2   327.9   387.3   422.9   450.0   482.6   525.3   593.7   751.7  1149.0  5677.3  80440.0    80418
read      422.1   196.8   173.5   235.9   253.8   416.7   482.1   511.8   533.9   558.5   590.5   640.3   747.6  1559.0  8151.1  16483.7    16471
read      408.8   239.6   173.5   225.2   241.3   366.4   454.9   503.6   537.8   577.6   624.0   687.1   843.9  1500.5  8847.5  35581.3    35694
read      433.9   372.8   173.5   238.6   258.2   421.3   479.8   507.4   528.7   550.6   585.7   637.9   795.6  4277.3 19222.1  13982.7    13935
read      361.9   198.3   160.7   221.0   234.5   328.6   388.8   424.7   452.0   484.7   527.9   597.1   745.4  1189.8  8271.9  79935.7    79838
read      404.7   252.2   173.5   226.0   241.6   361.9   439.3   488.7   525.1   567.4   618.8   687.5   851.7  2995.7 10956.3  48568.0    48842
read      427.4   300.5   173.5   233.8   251.7   413.6   484.7   516.5   539.2   566.3   599.7   655.7   787.8  3614.2 15796.6  17859.7    17708
read      416.2   285.9   160.7   226.6   242.7   373.8   464.8   512.2   546.0   584.0   629.1   692.4   854.0  2130.4 12448.8  31469.0    31401
read      382.0   205.4   160.7   222.1   236.4   343.7   414.3   456.2   487.5   524.8   573.5   645.4   809.6  1831.5  7939.3  62154.3    62091
read      354.4   164.0   160.7   219.8   232.4   324.2   380.2   413.3   437.9   469.2   508.8   577.5   733.6  1251.2  7107.6  86904.7    87121
read      357.8   198.5   160.7   220.0   232.8   325.8   383.9   418.4   444.8   476.6   519.1   588.0   737.7  1048.9  8455.8  82168.0    81929
read      400.7   215.5   160.7   224.7   240.1   359.2   438.6   488.9   524.1   564.1   612.8   680.0   835.9  1640.2  8370.0  41940.0    42013
read      353.3   199.1   160.7   220.0   232.5   323.0   378.1   410.0   434.0   464.7   504.5   571.5   726.1  1220.0  7817.0  90458.0    90709
read      367.9   200.8   160.7   220.7   234.2   332.5   396.1   434.4   464.2   500.2   545.0   617.4   766.2  1125.1  7674.3  67710.7    67578
read      383.8   226.5   173.5   222.4   236.8   343.9   414.5   457.5   489.6   528.1   578.6   654.0   806.7  1359.1  9345.8  58067.0    58116
read      376.0   227.7   160.7   221.3   235.4   338.4   403.9   444.1   473.2   509.3   559.1   634.0   787.9  2115.6  8868.7  68872.0    68886
read      350.7   216.4   160.7   219.9   232.4   320.7   373.9   404.8   428.8   458.2   496.8   560.1   709.1  1171.4  8604.0  92861.0    93119
read      350.9   155.9   160.7   220.2   233.3   323.8   377.1   407.6   431.4   460.0   497.3   560.0   715.7  1080.4  5036.1  94964.7    95079
read      363.5   179.4   160.7   220.6   233.6   330.9   392.8   428.3   455.5   488.3   531.7   602.1   756.0  1149.3  7712.2  77497.7    77456
read      428.9   283.9   173.5   238.0   257.1   416.9   479.4   508.5   531.3   556.4   591.3   644.8   768.5  4165.1 12688.4  15710.0    15723
read      438.1   332.3   173.5   249.7   273.8   423.5   470.4   495.7   512.6   536.3   569.0   626.4   784.6  5552.4 14400.1   9931.3     9867
read      431.5   346.0   187.4   258.3   283.5   412.2   454.7   476.8   494.3   513.2   544.1   598.0   756.0  6051.7 12765.6   8237.0     8176
read      354.0   174.5   160.7   220.1   232.9   325.0   380.5   412.7   436.5   466.3   505.4   574.9   731.9  1061.2  6742.5  59409.0    89745

Total QPS = 50370.5 (55407604 / 1100.0s)

Total connections = 64
Misses = 0 (0.0%)
Skipped TXs = 0 (0.0%)

RX 13685678188 bytes :   11.9 MB/s
TX          0 bytes :    0.0 MB/s
Warning! Detected max cpu usage > 95%
CPU Usage Stats (avg/min/max): 99.97%,47.18%,100.00%