----- Start Round 1 -----
#type       avg     std     min      p5     p10     p50     p67     p75     p80     p85     p90     p95     p99    p999   p9999     QPS   target
read      378.2   337.5   187.4   252.2   276.4   354.5   384.9   401.0   414.1   429.0   450.5   488.9   617.9  6766.9 12322.2   4963.4     5000
read      409.8   328.0   173.5   237.2   258.3   388.4   439.6   466.3   486.5   508.6   542.4   597.8   736.2  5391.1 12728.2   9961.4    10000
read      438.3   275.8   160.7   226.2   244.8   389.7   463.4   505.6   542.0   594.7   704.6   828.2  1038.4  3171.8 10641.7  15052.2    15000
read      462.6   287.5   173.5   223.2   238.7   383.6   474.0   536.2   597.4   745.5   857.8   988.1  1212.1  1565.2 10236.4  20043.6    20000
read      481.2   325.5   173.5   221.5   236.5   377.5   476.3   547.2   626.0   803.6   943.2  1141.3  1369.5  1761.2  7958.7  24993.6    25000
read      494.4   384.6   160.7   220.8   235.4   373.0   475.6   548.8   629.4   814.8  1005.9  1233.0  1529.0  3280.2 10785.1  30107.6    30000
read      492.6   380.2   160.7   221.3   235.5   366.0   469.6   545.9   625.9   782.9  1015.9  1270.2  1598.0  1962.3 10506.4  34910.2    35000
read      479.9   338.8   160.7   220.4   234.9   369.6   483.2   568.8   644.4   747.0   890.7  1155.8  1495.8  2113.9  8188.6  39848.2    40000
read      464.8   318.2   160.7   219.0   233.3   368.6   476.8   557.8   629.9   721.8   832.6  1026.7  1403.8  2011.9 10109.6  45020.2    45000
read      463.4   324.5   160.7   220.0   234.3   361.4   469.3   549.4   624.6   723.3   839.6  1039.1  1423.4  2342.4 10962.4  49892.4    50000
read      453.2   312.1   160.7   218.6   232.8   357.4   458.0   534.4   601.6   691.0   805.5  1002.7  1442.0  2091.9  9654.3  55036.7    55000
read      452.4   314.1   160.7   219.3   233.9   358.0   457.2   530.6   596.0   686.2   804.6  1002.7  1405.3  2030.0  9869.6  60057.7    60000
read      456.4   320.2   160.7   219.4   234.8   357.0   453.1   523.8   587.3   682.9   815.9  1054.6  1498.5  2172.6 10040.6  65033.6    65000
read      495.6   374.2   160.7   226.6   245.0   375.7   481.6   562.8   638.4   750.9   920.9  1201.1  1749.9  2566.3 10257.8  69953.4    70000
read      672.1   627.9   160.7   241.1   265.8   440.2   651.7   829.2   978.5  1115.7  1331.8  1850.0  2653.1  5433.7 17758.2  74552.4    75000
read      720.7   643.2   160.7   259.4   289.2   421.8   641.2  1003.6  1275.5  1480.1  1626.8  1806.6  2591.8  3782.2 16292.1  79563.6    80000
read      831.8   984.2   160.7   299.6   328.1   436.5   731.6  1379.1  1519.5  1621.2  1723.5  1873.2  2834.5 10864.5 31873.1  79512.6    85000
read      824.4  1160.1   160.7   302.1   328.4   428.7   678.0  1346.7  1501.1  1601.3  1707.1  1864.0  2785.5 12344.2 37042.2  80725.0    90000
read      844.1  1074.1   173.5   303.4   332.6   443.2   735.3  1359.7  1510.7  1615.4  1721.3  1881.5  2898.5 12599.4 35178.9  78948.8    95000
read      810.5  1057.9   160.7   284.0   309.0   435.4   749.9  1291.9  1469.1  1578.7  1693.2  1855.3  2755.6 11786.1 30960.2  81651.7   100000
read      837.3  1087.5   173.5   300.1   327.0   454.9   836.4  1289.4  1467.1  1585.6  1700.4  1861.1  2757.6 12797.8 32301.3  79438.4   105000
read      862.0  1293.0   160.7   304.6   339.3   452.2   740.4  1391.8  1530.9  1631.4  1733.9  1892.2  2857.4 12860.7 35361.4  77313.2   110000
read      839.0  1050.5   160.7   302.0   330.6   438.6   726.2  1390.0  1524.7  1626.3  1723.9  1877.1  2898.0 12413.5 31816.4  79257.2   115000
read      846.4  1112.6   160.7   306.6   335.5   440.1   699.6  1382.1  1519.5  1620.2  1721.0  1870.1  2794.2 13152.1 32411.1  78854.1   120000
read      801.5   993.4   173.5   296.7   320.4   420.1   673.5  1299.5  1472.4  1581.7  1688.1  1839.1  2748.4 12409.6 32159.0  82922.0   125000
Warning! Detected max cpu usage > 95%
CPU Usage Stats (avg/min/max): 70.71%,2.02%,100.00%
----- End Round 1 -----
----- Start Round 2 -----
#type       avg     std     min      p5     p10     p50     p67     p75     p80     p85     p90     p95     p99    p999   p9999     QPS   target
read      385.6   462.0   173.5   253.9   276.0   355.6   386.8   403.6   418.5   433.8   460.1   508.5   758.7  6543.6 26917.4   4936.2     5000
read      415.2   313.5   173.5   241.6   263.5   395.1   452.0   481.4   501.7   526.5   556.2   604.2   735.2  3885.1 15670.9   9989.2    10000
read      434.0   303.4   173.5   228.7   246.8   389.4   464.2   506.3   539.4   582.9   658.9   778.9   997.8  3519.9 10668.8  14958.2    15000
read      478.8   321.7   160.7   230.8   250.5   418.4   513.9   575.3   622.2   681.4   767.6   913.2  1262.7  2511.0 12280.9  19945.8    20000
read      478.0   335.8   160.7   227.8   246.3   415.1   514.5   580.8   631.8   694.5   784.2   942.6  1225.6  2019.5 12386.9  25105.6    25000
read      486.3   378.0   160.7   225.6   243.3   412.7   520.3   594.1   653.0   720.8   804.9   971.5  1320.1  2754.0 12593.4  30065.9    30000
read      482.5   378.5   160.7   224.0   240.5   397.2   507.4   585.8   650.3   729.8   836.0  1031.1  1357.6  2994.1 12358.2  34994.4    35000
read      482.8   351.2   160.7   222.8   239.0   396.3   508.9   587.0   651.3   729.0   830.1  1019.7  1401.6  3521.6 12065.3  40001.5    40000
read      462.1   330.8   160.7   221.2   236.2   383.0   491.7   564.5   625.4   698.9   788.7   950.6  1283.5  2113.3  9727.8  44914.8    45000
read      463.5   306.3   160.7   222.3   238.5   382.8   491.0   568.8   632.9   706.4   790.2   937.2  1321.0  2089.3  9072.3  49979.4    50000
read      453.2   321.1   160.7   219.8   234.4   364.6   467.4   541.6   606.6   687.3   786.4   966.9  1352.5  2323.6 10581.5  55193.4    55000
read      453.3   312.3   160.7   219.8   233.6   354.5   455.2   527.3   592.2   681.6   804.5  1039.0  1477.0  2223.4  9497.0  59972.8    60000
read      470.6   315.1   160.7   223.3   240.2   380.8   485.2   558.9   622.0   701.1   808.3  1013.5  1477.5  2656.3  9090.7  64874.4    65000
read      464.3   336.8   160.7   224.3   241.0   369.5   464.2   534.1   598.1   686.9   808.3  1037.5  1520.1  2280.5 10700.1  70187.6    70000
read      531.6   440.7   160.7   232.8   253.1   388.1   497.6   590.3   683.2   822.4  1030.3  1326.8  2023.0  3431.7 12966.7  74622.4    75000
read      848.4   889.3   160.7   301.8   333.5   460.1   869.5  1399.0  1532.1  1634.7  1737.8  1901.5  2841.0  8861.8 31260.3  77315.6    80000
read      853.7  1213.8   160.7   303.2   334.3   444.5   698.4  1341.9  1510.9  1615.8  1727.2  1890.3  3011.9 12867.0 36992.0  78128.6    85000
read      863.9  1017.6   160.7   301.2   334.4   461.8   823.7  1411.9  1542.3  1644.3  1750.0  1918.9  2933.2 12311.1 31576.6  76747.6    90000
read      849.9  1015.9   173.5   299.8   330.2   464.6   865.3  1329.7  1499.6  1608.9  1719.8  1880.2  2798.5 12424.0 32011.9  78151.4    95000
read      819.7  1023.3   160.7   299.5   325.9   431.7   721.7  1316.3  1481.5  1592.1  1699.6  1855.7  2770.2 12431.7 32250.1  81020.0   100000
read      835.5  1021.0   173.5   303.2   331.0   438.0   722.3  1369.4  1513.4  1612.3  1716.5  1867.6  2824.1 12689.4 31953.4  79428.4   105000
read      837.9   973.7   160.7   298.8   329.8   455.2   818.2  1325.7  1492.0  1602.6  1713.6  1877.7  2823.9 12141.2 31857.8  79024.1   110000
read      853.6  1075.2   173.5   300.9   334.0   452.6   782.8  1396.8  1528.4  1627.0  1729.6  1882.6  2820.1 13133.2 32140.5  77980.8   115000
read      840.0  1055.6   160.7   300.4   327.7   442.5   763.7  1377.8  1512.5  1614.6  1721.1  1873.8  2836.0 12647.1 32504.2  79383.0   120000
read      838.5   844.8   173.5   303.6   332.6   452.8   889.3  1416.8  1536.1  1631.6  1727.8  1871.7  2707.8  9873.1 30239.1  78703.0   125000
Warning! Detected max cpu usage > 95%
CPU Usage Stats (avg/min/max): 72.77%,7.07%,100.00%
----- End Round 2 -----
----- Start Round 3 -----
#type       avg     std     min      p5     p10     p50     p67     p75     p80     p85     p90     p95     p99    p999   p9999     QPS   target
read      391.6   483.7   187.4   255.0   276.3   357.9   388.8   404.8   419.4   433.9   456.7   494.0   685.2  8013.4 18623.1   5008.6     5000
read      406.9   301.4   160.7   238.2   259.4   386.9   440.8   468.4   489.3   511.9   543.6   597.7   758.5  3835.0 12909.2  10027.6    10000
read      428.0   276.9   173.5   229.8   249.0   392.9   462.9   501.9   530.3   564.6   617.5   733.8   941.8  3153.5 11518.8  14982.4    15000
read      454.7   319.3   173.5   223.9   241.4   398.2   481.2   533.3   575.9   636.3   743.3   897.4  1130.0  3677.7 12438.1  19988.6    20000
read      469.4   310.0   160.7   224.6   241.7   409.7   501.2   559.5   605.8   669.8   771.7   942.5  1234.1  3197.8  8626.8  25029.3    25000
read      480.9   391.0   160.7   219.5   232.4   363.9   463.8   531.3   599.4   785.4   998.9  1188.3  1481.9  2328.3 12156.9  29932.4    30000
read      487.2   381.0   160.7   220.9   236.1   383.0   489.8   561.8   626.6   729.4   913.1  1161.2  1540.8  2500.0 13078.6  35054.8    35000
read      483.5   370.4   160.7   220.5   234.6   370.0   480.4   557.1   629.3   742.6   915.9  1173.5  1559.3  2459.6 11084.8  39947.8    40000
read      472.8   331.2   160.7   219.9   233.7   368.8   484.2   560.4   629.4   723.8   863.2  1095.9  1490.9  2095.4  9565.0  45058.8    45000
read      453.8   308.5   160.7   219.0   232.9   367.5   475.0   549.4   613.3   686.5   784.4   956.4  1350.9  1871.8 10682.2  49813.8    50000
read      455.6   286.7   160.7   220.5   235.6   364.9   468.9   545.3   613.9   696.9   801.3   980.0  1369.4  2221.1  6234.6  54946.6    55000
read      455.3   317.9   160.7   220.2   235.5   365.9   465.4   536.1   597.7   677.7   789.6   996.0  1421.3  2037.2  9908.9  60155.2    60000
read      468.8   324.1   160.7   224.4   241.4   374.4   473.5   545.9   613.4   705.5   831.0  1044.2  1466.8  2196.6 10307.5  64803.2    65000
read      470.9   338.1   160.7   224.2   241.6   372.3   469.1   543.6   613.4   706.6   838.1  1059.9  1512.0  2545.8  9428.1  70045.6    70000
read      563.6   508.0   160.7   239.2   260.9   404.9   531.4   637.7   741.3   894.3  1082.7  1374.9  2124.4  4542.0 16069.0  74670.6    75000
read      819.6   920.3   173.5   293.1   323.4   436.5   712.8  1357.0  1507.1  1605.6  1712.6  1870.0  2780.1  9986.5 31439.6  78820.6    80000
read      852.8  1059.7   173.5   304.5   335.9   448.9   724.6  1407.9  1538.5  1638.8  1739.2  1899.2  2906.1 12894.6 32311.3  77788.5    85000
read      838.9  1008.2   173.5   301.1   329.8   438.5   714.8  1393.9  1525.8  1623.3  1724.9  1883.3  2869.5 12228.7 31812.4  79180.8    90000
read      848.1  1187.9   160.7   298.2   326.6   437.1   649.6  1365.5  1514.2  1614.1  1724.4  1895.4  3245.3 12837.1 36410.1  78930.0    95000
read      863.4  1042.1   160.7   305.1   338.8   457.8   789.7  1412.3  1543.3  1643.0  1745.2  1913.9  2910.1 12184.3 32257.9  77043.6   100000
read      829.9  1017.9   160.7   300.6   329.0   434.3   703.3  1382.6  1518.1  1611.3  1713.0  1861.7  2765.4 12849.2 31959.8  80023.2   105000
read      848.4  1063.5   173.5   302.7   332.0   449.3   747.6  1393.4  1524.9  1626.5  1733.2  1884.9  2799.1 12728.2 31879.8  78425.9   110000
read      861.8  1061.0   160.7   305.6   341.6   455.2   757.9  1412.0  1542.8  1640.6  1739.3  1905.1  2841.5 12842.1 32095.5  77131.8   115000
read      818.6  1099.0   173.5   298.0   323.0   426.2   661.0  1333.0  1487.1  1593.3  1699.3  1854.2  2766.0 12809.1 35236.2  81494.3   120000
read      832.0  1189.2   173.5   299.0   326.1   429.6   633.2  1294.9  1478.3  1591.8  1702.7  1867.2  3071.6 14401.8 36675.4  80588.6   125000
Warning! Detected max cpu usage > 95%
CPU Usage Stats (avg/min/max): 71.62%,4.00%,100.00%
----- End Round 3 -----
