----- Start Round 1 -----
#type       avg     std     min      p5     p10     p50     p67     p75     p80     p85     p90     p95     p99    p999   p9999      QPS   target       ts_start         ts_end
read      435.0   561.4   187.4   271.8   302.0   398.1   438.0   461.2   477.2   497.7   524.9   575.8   741.4  7579.1 21350.5   4957.4     5000  1683897294570  1683897299947
read      463.4   346.3   173.5   247.9   275.1   442.8   510.6   545.7   570.6   597.2   633.9   692.2   825.0  4359.8 12923.8   9984.6    10000  1683897301453  1683897306784
read      483.8   295.0   173.5   236.7   261.0   449.6   542.6   590.1   624.0   665.1   721.6   807.7  1012.7  3718.0 11555.2  14911.8    15000  1683897308289  1683897313595
read      492.4   345.1   173.5   230.9   252.6   447.5   549.2   604.5   641.6   697.0   772.1   895.6  1181.0  3016.7 11978.2  19840.0    20000  1683897315098  1683897320398
read      514.8   383.9   173.5   223.7   240.7   412.7   534.3   604.2   663.2   778.4   977.1  1217.9  1513.6  3130.6 11725.5  25054.6    25000  1683897321901  1683897327190
read      496.3   324.5   160.7   223.9   240.8   416.9   540.2   615.7   675.8   748.5   852.0  1029.9  1400.4  2150.4  8585.5  29774.2    30000  1683897328692  1683897333981
read      496.6   374.1   160.7   220.7   235.6   388.4   516.0   593.0   657.9   756.2   917.5  1182.8  1570.2  2154.4 10786.3  34996.6    35000  1683897335483  1683897340761
read      492.2   323.2   160.7   222.3   238.7   403.0   535.5   618.4   682.3   756.7   855.4  1027.2  1440.0  1988.6  9499.5  39889.4    40000  1683897342264  1683897347540
read      463.6   300.4   160.7   218.7   233.4   379.2   500.0   575.7   634.7   708.3   798.3   943.0  1343.9  2465.1  9427.0  44945.6    45000  1683897349044  1683897354324
read      455.4   317.7   160.7   216.2   230.3   363.4   476.3   555.3   618.2   698.8   799.5   977.9  1422.5  1960.4 12193.9  50108.6    50000  1683897355828  1683897361116
read      471.2   340.2   160.7   217.7   232.3   356.9   463.3   548.2   618.1   713.8   860.2  1138.4  1667.1  2312.1  8690.7  55060.0    55000  1683897362620  1683897367906
read      465.4   366.2   160.7   219.1   234.1   358.8   460.7   541.8   609.4   700.7   829.5  1068.7  1599.5  2464.9 11664.2  59997.6    60000  1683897369409  1683897374699
read      462.3   350.8   160.7   217.9   232.1   351.1   451.6   525.1   588.0   682.4   830.6  1107.8  1716.4  2587.0  9604.9  64772.0    65000  1683897376202  1683897381491
read      446.4   307.3   160.7   218.4   232.6   355.9   448.6   515.1   576.1   660.4   781.0   996.9  1455.2  2340.2  9856.0  69679.5    70000  1683897382994  1683897388275
read      461.8   332.6   160.7   221.0   237.1   357.0   452.0   524.8   590.7   690.7   832.9  1067.2  1603.9  2542.4  9690.1  74894.0    75000  1683897389778  1683897395062
read      543.5   461.3   160.7   229.6   249.1   380.8   500.5   614.6   725.9   883.6  1078.5  1373.0  2129.1  3817.5 12121.4  79964.2    80000  1683897396565  1683897401849
read      624.4   671.7   160.7   230.6   252.1   399.4   581.0   755.3   910.4  1060.9  1239.1  1685.6  2527.5  5616.2 23520.1  83489.2    85000  1683897403351  1683897408641
read      801.9   962.4   160.7   295.6   321.3   416.2   607.8  1354.9  1504.9  1605.0  1706.9  1857.9  2782.5 12737.0 31266.3  82125.0    90000  1683897410144  1683897415421
read      754.9  1018.5   173.5   281.7   302.0   386.8   521.5  1183.6  1425.1  1540.2  1654.3  1800.9  2739.0 12464.7 32382.2  87781.4    95000  1683897416925  1683897422201
read      786.6   981.4   160.7   291.9   315.0   405.1   582.9  1287.2  1465.3  1578.7  1688.9  1846.7  2767.9 12616.0 31486.4  83907.4   100000  1683897423705  1683897428996
read      765.3  1014.0   173.5   280.1   301.4   395.4   542.3  1188.6  1430.6  1547.0  1661.1  1819.3  2774.9 12566.0 32428.8  86595.4   105000  1683897430501  1683897435783
read      779.2   997.0   173.5   290.1   311.8   400.2   550.3  1278.4  1459.5  1570.4  1678.7  1826.7  2736.9 12682.2 31565.4  84940.2   110000  1683897437286  1683897442578
read      773.9  1012.7   173.5   287.4   309.0   396.5   544.7  1260.8  1455.7  1566.4  1674.9  1823.6  2740.1 12810.7 31590.9  85656.6   115000  1683897444082  1683897449359
read      760.8  1010.7   173.5   283.4   304.4   391.8   546.5  1177.7  1425.3  1545.6  1657.8  1806.2  2717.7 12735.9 35525.8  87190.8   120000  1683897450862  1683897456135
read      800.2   836.4   160.7   298.8   323.4   422.3   694.4  1367.3  1507.9  1605.6  1705.1  1851.1  2710.0 12014.1 21844.6  82128.8   125000  1683897457638  1683897462920
Warning! Detected max cpu usage > 95%
CPU Usage Stats (avg/min/max): 71.76%,5.05%,100.00%
----- End Round 1 -----
----- Start Round 2 -----
#type       avg     std     min      p5     p10     p50     p67     p75     p80     p85     p90     p95     p99    p999   p9999      QPS   target       ts_start         ts_end
read      414.6   373.5   187.4   264.7   294.1   383.9   422.5   443.8   459.5   477.4   503.7   550.3   730.0  7284.2 12629.4   4993.4     5000  1683897470627  1683897476021
read      445.4   290.0   173.5   242.3   267.0   426.2   493.3   527.8   550.1   578.6   613.8   671.6   849.1  3132.8 10657.0  10029.8    10000  1683897477525  1683897482861
read      469.2   357.4   173.5   236.8   261.5   440.6   526.9   571.7   600.6   632.9   675.8   739.0   892.6  3948.6 16925.7  14978.6    15000  1683897484364  1683897489652
read      484.4   296.1   173.5   226.7   247.4   438.9   539.4   594.6   635.0   687.9   763.8   900.9  1178.6  1741.6 10281.5  19930.4    20000  1683897491156  1683897496459
read      485.5   311.2   173.5   223.1   240.7   425.8   536.4   600.0   646.9   711.7   802.8   952.4  1266.3  2396.4 10586.5  25055.6    25000  1683897497963  1683897503258
read      504.7   402.3   173.5   220.5   235.8   411.5   536.8   608.6   665.8   746.5   898.3  1152.1  1494.3  3202.5 11983.5  29897.7    30000  1683897504761  1683897510046
read      500.6   329.6   160.7   221.7   239.0   416.3   542.7   620.6   680.7   755.3   865.3  1060.3  1473.3  2132.7  8759.0  35151.6    35000  1683897511550  1683897516829
read      482.5   292.9   160.7   220.7   237.1   404.8   533.9   612.8   670.7   737.9   825.1   965.7  1340.0  1986.2  9219.8  39892.2    40000  1683897518332  1683897523612
read      479.0   334.9   160.7   219.9   234.5   381.2   504.8   585.7   648.2   729.8   844.9  1035.3  1533.5  2229.5  9787.1  45042.9    45000  1683897525117  1683897530402
read      456.0   313.0   160.7   215.3   229.4   362.3   477.6   555.3   616.3   692.3   796.7   984.2  1457.8  2022.6  9785.6  49999.6    50000  1683897531907  1683897537197
read      446.4   310.4   160.7   216.5   230.5   352.3   450.8   528.2   591.7   673.0   781.3   982.8  1480.7  2027.7  9546.8  55018.0    55000  1683897538701  1683897543987
read      459.1   344.9   160.7   218.0   232.9   362.0   467.7   543.8   605.7   690.8   807.6  1015.9  1490.4  2193.4  9997.7  60051.1    60000  1683897545490  1683897550767
read      460.4   337.3   160.7   217.3   231.4   354.5   458.3   532.3   596.0   688.0   827.4  1075.1  1593.8  2427.2  9457.4  64820.6    65000  1683897552269  1683897557547
read      452.9   297.7   160.7   220.3   235.8   359.0   453.5   524.4   588.1   679.9   806.6  1019.6  1452.8  2162.1  7535.6  70029.0    70000  1683897559050  1683897564339
read      468.7   374.3   160.7   221.6   237.4   353.9   450.3   523.5   594.0   701.7   864.3  1118.6  1681.2  2555.2 10657.2  75101.6    75000  1683897565842  1683897571124
read      563.1   491.9   160.7   230.0   249.7   387.1   523.7   655.4   776.1   944.3  1110.8  1432.5  2208.4  3460.3 13059.7  80050.4    80000  1683897572626  1683897577907
read      725.7   799.3   160.7   263.7   290.6   398.6   570.5   959.6  1271.5  1491.8  1637.1  1833.3  2760.7  8320.8 28371.6  83883.8    85000  1683897579410  1683897584683
read      756.3   753.0   160.7   281.6   304.3   394.8   564.0  1282.7  1459.4  1568.7  1677.7  1826.6  2747.3  7885.3 19391.3  85819.9    90000  1683897586186  1683897591465
read      799.0   954.6   173.5   295.1   320.1   416.2   602.5  1333.9  1497.3  1596.6  1699.6  1849.7  2757.8 12269.9 31290.7  82576.8    95000  1683897592968  1683897598249
read      809.1  1016.3   173.5   297.9   323.2   419.7   628.3  1325.0  1498.0  1600.3  1704.8  1854.5  2809.8 12755.0 31645.9  81747.4   100000  1683897599753  1683897605041
read      794.5   984.7   160.7   288.5   311.9   412.1   607.1  1320.9  1485.3  1587.5  1693.6  1844.7  2762.3 12203.5 32039.0  83322.0   105000  1683897606544  1683897611827
read      791.4   994.6   160.7   292.4   315.6   408.8   590.9  1311.4  1480.3  1585.0  1689.7  1835.7  2742.2 12730.1 31839.4  83604.0   110000  1683897613329  1683897618612
read      784.2   966.7   160.7   288.7   312.1   404.5   571.4  1298.3  1474.1  1581.8  1688.5  1838.4  2750.2 12127.6 31611.0  84243.4   115000  1683897620116  1683897625391
read      809.5  1058.5   173.5   297.2   322.7   417.6   604.5  1338.7  1497.2  1596.3  1705.3  1863.2  2805.7 13984.9 33253.7  82074.8   120000  1683897626895  1683897632172
read      800.1   991.1   160.7   295.7   321.3   414.1   602.3  1331.7  1492.7  1596.0  1700.1  1850.8  2749.7 12595.2 30982.3  82560.2   125000  1683897633676  1683897638960
Warning! Detected max cpu usage > 95%
CPU Usage Stats (avg/min/max): 70.10%,1.51%,100.00%
----- End Round 2 -----
----- Start Round 3 -----
#type       avg     std     min      p5     p10     p50     p67     p75     p80     p85     p90     p95     p99    p999   p9999      QPS   target       ts_start         ts_end
read      411.1   272.1   173.5   264.7   293.2   387.5   426.0   448.3   464.7   485.6   510.3   558.8   702.4  4617.9 10390.1   4997.0     5000  1683897646697  1683897652054
read      434.7   245.0   160.7   243.1   267.0   417.5   482.0   514.7   537.4   563.4   593.8   644.3   796.0  3773.1  8141.6   9977.2    10000  1683897653559  1683897658899
read      472.4   288.5   160.7   236.4   262.1   444.5   530.7   576.2   607.7   642.1   690.4   770.3   933.6  2762.8 12673.9  15056.2    15000  1683897660401  1683897665687
read      492.6   307.6   173.5   229.7   251.3   446.8   548.2   604.6   642.8   698.2   776.1   903.0  1193.2  2878.8 11787.1  19941.8    20000  1683897667190  1683897672495
read      507.9   373.2   173.5   224.5   243.0   432.2   548.9   614.2   667.2   746.6   880.2  1081.4  1416.7  2185.6 15604.6  25104.6    25000  1683897673999  1683897679305
read      509.5   389.5   160.7   220.3   236.9   415.7   539.9   611.3   668.3   756.5   919.6  1174.9  1538.0  2935.6 12098.0  29967.4    30000  1683897680809  1683897686099
read      492.0   352.0   160.7   219.8   234.9   398.7   524.3   599.2   659.1   742.4   872.0  1100.0  1486.2  2117.6 10364.1  34916.8    35000  1683897687603  1683897692890
read      483.9   344.4   160.7   219.0   233.0   385.9   515.9   595.8   660.9   743.2   860.5  1060.4  1478.3  2426.0 10724.7  39948.8    40000  1683897694393  1683897699674
read      470.9   339.8   160.7   218.4   232.5   382.6   506.1   582.9   639.1   714.5   813.0   981.6  1442.3  2170.2 12551.8  45132.6    45000  1683897701178  1683897706466
read      463.8   335.5   160.7   213.9   228.2   360.4   480.3   560.2   621.9   707.4   826.0  1048.1  1544.5  2180.9  9925.8  49784.4    50000  1683897707970  1683897713250
read      463.3   325.1   160.7   218.9   233.2   362.9   472.0   553.6   617.8   699.6   812.9  1017.1  1552.0  2410.5  9919.8  54916.8    55000  1683897714753  1683897720029
read      454.1   334.8   160.7   216.2   230.2   353.7   459.4   536.6   599.3   685.9   804.3  1021.3  1511.1  2192.6 10661.8  60019.6    60000  1683897721532  1683897726812
read      451.1   334.2   160.7   216.6   230.3   347.7   445.0   517.7   579.1   666.8   797.6  1056.8  1586.2  2425.7  7880.1  64874.0    65000  1683897728315  1683897733599
read      461.0   322.3   160.7   220.0   235.7   362.8   461.1   533.9   598.7   687.4   811.5  1050.7  1545.3  2328.7  9734.1  69861.6    70000  1683897735102  1683897740395
read      458.0   346.0   160.7   218.1   232.5   349.3   443.1   513.9   581.0   679.6   836.9  1093.9  1655.4  2409.9  8217.4  75038.6    75000  1683897741898  1683897747177
read      542.5   475.4   160.7   228.2   247.5   378.4   500.7   618.0   722.5   879.0  1068.7  1361.5  2175.6  3189.6 14635.3  79850.1    80000  1683897748680  1683897753956
read      794.1   879.0   160.7   282.6   311.9   420.1   639.5  1334.1  1501.6  1603.7  1707.6  1862.3  2787.1  9655.0 30218.0  81691.3    85000  1683897755459  1683897760741
read      650.9   695.6   160.7   243.6   266.4   373.5   556.5   828.7  1045.3  1278.1  1505.2  1728.5  2600.4  4670.4 16126.2  89107.0    90000  1683897762244  1683897767525
read      772.8   910.0   160.7   286.7   309.2   400.4   588.0  1256.6  1453.5  1563.8  1674.3  1825.5  2740.9 10569.1 30806.5  85353.9    95000  1683897769029  1683897774311
read      764.9   959.1   173.5   280.9   302.3   396.4   543.8  1208.6  1439.4  1551.9  1663.1  1817.8  2747.8 12082.4 31444.6  86265.4   100000  1683897775815  1683897781093
read      792.5  1105.1   173.5   291.9   315.4   403.5   522.7  1244.5  1460.7  1573.4  1683.4  1836.8  2850.9 12735.7 32157.3  83762.0   105000  1683897782597  1683897787887
read      766.7   937.9   173.5   289.9   310.8   394.6   528.4  1269.4  1456.9  1565.7  1672.4  1818.1  2730.6 12134.3 30831.8  85982.8   110000  1683897789390  1683897794666
read      762.8   946.4   173.5   283.7   305.1   393.8   552.9  1192.6  1427.7  1548.3  1665.5  1834.5  2770.0 11842.2 31331.2  86566.8   115000  1683897796171  1683897801444
read      771.3   947.4   173.5   284.4   306.9   399.9   575.1  1235.8  1446.4  1562.5  1673.4  1824.5  2755.5 11900.3 31001.1  85725.2   120000  1683897802948  1683897808227
read      795.7   951.5   160.7   294.3   319.7   411.7   594.4  1333.7  1492.9  1595.2  1697.6  1842.4  2757.9 12549.2 30695.1  83072.2   125000  1683897809731  1683897815011
Warning! Detected max cpu usage > 95%
CPU Usage Stats (avg/min/max): 69.47%,0.51%,100.00%
----- End Round 3 -----
