----- Start Round 1 -----
#type       avg     std     min      p5     p10     p50     p67     p75     p80     p85     p90     p95     p99    p999   p9999     QPS   target
read      378.4   415.2   187.4   256.9   277.8   348.8   374.9   391.9   402.6   419.9   441.0   491.1   664.9  7904.2 16928.1   4945.6     5000
read      389.6   301.4   173.5   242.0   263.8   375.9   415.2   435.2   451.2   467.8   493.9   538.5   678.1  4136.5 14313.2  10042.4    10000
read      398.0   265.5   160.7   235.9   256.1   384.2   434.1   458.2   473.8   494.2   519.0   565.9   755.6  3692.3 12192.0  15078.4    15000
read      403.4   217.0   160.7   231.8   250.9   385.3   446.9   476.2   496.3   519.5   548.8   603.9   853.0  2327.7  8802.7  19929.2    20000
read      400.8   236.0   160.7   229.2   247.6   379.8   446.9   480.2   502.0   527.1   556.2   604.5   771.3  1957.3  8861.2  24991.4    25000
read      393.9   281.5   160.7   225.8   243.0   373.3   436.4   469.9   492.3   516.7   546.4   592.1   713.8  2861.9 12780.7  29977.4    30000
read      413.1   266.2   160.7   224.9   241.2   368.4   449.6   491.6   520.0   550.4   591.0   673.1  1170.1  2933.1  8521.2  34960.0    35000
read      392.6   197.8   160.7   226.1   243.0   371.2   435.8   470.7   496.3   524.6   557.7   608.0   744.1  1895.3  8773.7  40051.0    40000
read      397.3   223.0   160.7   227.0   244.2   374.9   439.1   474.1   499.9   529.0   564.1   618.1   782.9  1874.4 10209.8  44796.8    45000
read      385.0   246.0   160.7   222.8   238.2   352.0   420.9   461.2   490.0   522.2   559.9   617.0   789.3  1768.8 12907.4  50035.2    50000
read      408.4   312.7   160.7   223.8   239.1   353.5   426.9   470.3   503.2   541.0   589.0   690.4  1293.8  3602.2 10935.5  55007.6    55000
read      383.6   223.9   160.7   221.3   235.5   340.3   409.2   452.2   483.9   520.8   565.5   636.0   989.0  2152.6  7792.4  60102.6    60000
read      388.9   205.5   160.7   223.4   238.4   346.4   415.0   456.7   488.2   525.7   572.5   649.4  1010.7  2115.1  7173.3  65102.2    65000
read      384.0   208.0   160.7   222.1   237.1   343.9   410.4   449.6   478.6   514.4   560.0   634.5   987.3  2091.8  6936.0  69786.2    70000
read      361.7   180.1   160.7   219.4   232.7   331.5   391.1   426.4   453.5   486.1   527.0   584.4   724.9  1444.9  6952.9  74873.6    75000
read      360.9   190.3   160.7   221.7   236.1   326.4   380.7   415.0   441.6   475.0   519.7   585.7   787.1  2047.1  5282.1  80271.2    80000
read      362.8   372.5   160.7   222.4   237.0   331.9   387.1   420.5   446.0   477.4   520.1   584.0   745.2  1524.1  7405.8  85006.3    85000
read      360.6   207.4   160.7   221.4   235.9   333.2   387.5   419.1   442.6   471.2   509.7   570.9   724.9  1579.9  8984.3  90137.1    90000
read      356.7   180.4   160.7   220.1   233.7   330.6   384.4   416.2   439.7   468.7   506.7   566.4   703.8  1578.3  6383.5  94919.1    95000
read      367.1   202.5   160.7   223.9   239.3   339.3   391.0   421.2   443.7   470.9   508.8   574.6   792.8  2133.3  7840.3  99912.4   100000
read      370.0   444.5   160.7   226.1   242.7   347.2   398.2   427.8   450.4   477.3   514.0   576.2   723.2  1203.7  8841.7 104831.0   105000
read      392.9   818.9   160.7   227.3   244.1   351.3   406.2   439.6   465.6   498.9   545.3   638.3  1109.8  2543.3  7270.1 109813.1   110000
read      407.4  1213.5   160.7   235.2   255.1   373.4   430.7   465.2   492.0   524.9   570.3   642.6   808.7  1545.8 10060.7 115063.0   115000
read      380.3  1012.5   160.7   227.7   244.6   348.3   399.8   431.6   456.7   488.0   532.3   609.7   792.5  1262.9  8095.6 119901.0   120000
read      430.2   197.7   160.7   244.7   269.2   406.9   468.1   503.7   531.4   565.1   611.4   686.6   860.1  1312.5  7401.1 124843.4   125000
Warning! Detected max cpu usage > 95%
CPU Usage Stats (avg/min/max): 72.63%,6.53%,100.00%
----- End Round 1 -----
----- Start Round 2 -----
#type       avg     std     min      p5     p10     p50     p67     p75     p80     p85     p90     p95     p99    p999   p9999     QPS   target
read      373.8   297.5   173.5   255.9   277.4   353.4   378.1   394.1   404.0   421.8   443.0   487.4   667.0  4841.4 12457.9   4957.2     5000
read      389.4   233.9   173.5   242.8   264.6   381.4   417.9   436.1   451.9   468.1   492.9   532.4   670.5  2974.9 11969.5   9912.8    10000
read      413.4   319.7   160.7   237.7   259.4   394.6   445.3   470.0   488.6   507.6   538.0   590.9   962.4  3833.8 15374.0  14923.2    15000
read      392.3   247.5   173.5   230.7   249.7   378.9   435.9   463.6   481.9   501.3   527.2   567.2   676.9  2296.0 11631.3  19921.2    20000
read      408.4   240.7   173.5   232.1   250.9   389.0   453.6   484.9   504.8   529.3   558.5   612.1   822.8  2334.4 10202.6  24928.6    25000
read      399.0   182.1   173.5   229.1   247.6   383.6   444.7   477.8   499.3   523.8   551.5   595.2   739.9  1838.0  7881.4  29985.0    30000
read      396.3   190.7   160.7   227.7   245.5   379.7   442.4   475.6   498.6   524.6   555.0   603.3   737.0  1702.1  8058.1  34956.2    35000
read      393.9   228.7   173.5   227.8   244.7   371.3   434.1   469.1   493.9   521.5   554.1   607.5   765.0  1676.4  9831.8  39981.8    40000
read      395.8   229.6   160.7   225.5   241.8   367.3   434.5   471.5   498.3   528.4   565.1   623.6   847.7  2002.2  8311.8  44817.8    45000
read      388.2   232.3   160.7   224.5   240.4   361.3   426.3   462.8   489.0   518.2   552.9   610.7   776.9  1972.4 11518.9  49961.0    50000
read      378.9   170.4   160.7   223.5   238.9   351.1   415.9   453.9   481.0   512.4   548.9   605.3   748.6  1530.2  6586.8  55027.8    55000
read      387.6   237.4   160.7   222.4   236.8   341.3   407.5   451.0   482.7   520.2   568.2   649.0  1067.7  2389.0  8152.6  59958.8    60000
read      360.3   188.4   160.7   219.3   232.0   329.3   389.2   425.6   453.3   485.7   525.5   581.7   718.4  1422.4  8090.7  65125.2    65000
read      369.6   225.3   160.7   220.8   235.2   338.8   398.9   433.8   460.1   491.4   531.1   589.0   740.4  2269.0  9481.3  70103.8    70000
read      363.1   219.2   160.7   219.0   232.4   335.6   394.7   428.2   453.6   483.8   522.3   578.9   710.1  1636.7  7849.4  74806.4    75000
read      358.7   193.9   160.7   220.6   233.9   329.1   384.2   417.3   442.0   471.3   511.3   573.7   739.1  1621.9  7775.2  80035.9    80000
read      357.2   191.4   160.7   220.3   233.7   329.5   384.0   416.0   439.6   468.8   507.2   567.8   714.4  1696.9  8284.8  84868.4    85000
read      362.0   173.1   160.7   222.0   236.8   335.4   389.3   420.3   443.5   471.6   510.3   575.5   757.4  1564.7  5922.7  89890.0    90000
read      354.0   202.2   160.7   219.5   232.8   326.4   379.0   410.1   433.7   463.0   500.7   560.5   709.3  1708.5  9307.7  95170.6    95000
read      348.6   184.8   160.7   220.2   233.4   325.0   373.4   401.7   424.0   450.6   486.3   543.6   679.3  1376.3  5889.5  99777.0   100000
read      361.6   182.0   160.7   224.0   239.7   338.7   387.8   416.1   436.6   463.7   499.5   558.0   728.7  1573.2  7771.2 104984.0   105000
read      374.0   189.2   160.7   225.7   242.9   349.9   400.3   429.9   452.6   479.6   518.0   584.6   794.7  1819.5  7707.3 110029.0   110000
read      415.3   182.6   160.7   236.2   256.9   383.3   445.9   486.6   518.7   559.6   615.3   701.2   871.1  1273.1  6338.6 114608.6   115000
read      368.7   172.0   160.7   224.8   241.3   342.8   392.9   423.4   447.4   478.0   523.9   599.0   757.6  1098.2  6881.8 119860.1   120000
read      445.2   221.2   160.7   242.0   267.0   408.3   487.8   536.6   572.0   612.8   664.2   740.3   921.6  1623.5  6950.3 123177.1   125000
Warning! Detected max cpu usage > 95%
CPU Usage Stats (avg/min/max): 68.72%,2.00%,100.00%
----- End Round 2 -----
----- Start Round 3 -----
#type       avg     std     min      p5     p10     p50     p67     p75     p80     p85     p90     p95     p99    p999   p9999     QPS   target
read      377.6   414.0   173.5   252.8   273.9   350.5   376.7   392.6   402.6   419.1   437.6   476.6   651.7  8304.4 13758.8   4946.2     5000
read      386.7   243.1   173.5   241.4   263.4   378.2   414.5   433.1   447.8   463.9   486.5   523.3   638.0  3227.2  9743.5  10025.0    10000
read      391.4   241.1   173.5   233.4   253.9   381.7   430.7   454.1   469.0   489.1   511.1   552.0   686.3  2452.0  9876.4  14958.7    15000
read      403.4   246.9   160.7   231.4   252.1   387.7   447.8   476.1   495.5   517.1   544.7   592.3   737.3  3846.8  8787.9  20029.4    20000
read      400.3   255.6   173.5   228.9   247.6   380.9   444.4   477.1   498.9   523.5   550.8   600.8   733.4  2759.5 12336.9  24892.6    25000
read      404.3   210.6   160.7   229.7   248.4   385.0   447.7   482.2   506.4   534.8   570.0   626.0   785.6  1774.4 10466.7  29915.8    30000
read      394.3   197.8   173.5   227.0   243.7   365.3   433.6   470.8   498.7   530.4   569.9   631.3   803.7  1702.8  7837.3  35008.4    35000
read      399.1   209.7   160.7   225.4   242.3   370.3   439.0   476.8   502.2   533.0   573.4   637.4   866.0  1892.2  8580.4  39934.4    40000
read      395.7   192.3   160.7   227.5   244.7   370.6   435.2   471.3   498.7   528.7   565.7   628.9   797.2  1774.5  6927.2  44983.4    45000
read      383.7   192.3   160.7   225.6   242.1   353.2   418.5   457.3   485.3   517.3   556.6   616.0   782.5  1720.3  6230.6  49926.7    50000
read      380.3   210.5   160.7   224.9   240.9   351.8   414.4   451.4   478.5   509.7   547.8   605.1   750.4  1699.3  7980.2  54853.0    55000
read      369.6   258.0   160.7   221.4   235.4   337.4   397.8   434.0   462.0   494.7   534.6   591.1   743.7  1757.0 10142.0  60046.2    60000
read      360.6   151.2   160.7   218.9   231.6   332.6   392.4   427.8   455.3   487.7   527.0   581.2   709.4  1522.9  4236.4  64941.8    65000
read      366.4   202.0   160.7   220.1   233.7   336.9   397.1   431.3   457.4   489.1   529.8   588.1   738.1  1645.7  8670.2  70056.7    70000
read      376.1   205.4   160.7   221.5   236.5   342.1   404.9   441.5   468.0   500.5   541.4   607.6   813.5  2677.9  7669.7  74918.2    75000
read      363.2   167.5   160.7   219.9   234.0   335.2   394.2   428.6   454.3   484.6   523.8   583.2   726.6  1608.7  4504.4  79740.6    80000
read      353.4   193.5   160.7   217.7   230.4   322.9   377.3   410.5   435.6   467.1   507.8   571.6   725.1  1544.9  7845.4  84770.8    85000
read      350.1   164.6   160.7   218.7   231.1   323.0   376.7   408.5   433.1   463.1   501.8   559.4   684.2  1112.4  5926.8  90011.0    90000
read      347.4   190.8   160.7   219.2   231.7   320.9   370.3   399.3   422.5   451.0   489.1   547.7   682.4  1578.0  7663.0  94956.6    95000
read      353.3   163.6   160.7   221.3   235.6   328.5   378.6   407.8   430.9   459.4   497.3   555.6   697.4  1232.4  5982.8  99988.2   100000
read      351.6   169.7   160.7   220.1   234.3   328.4   375.4   403.3   425.6   452.5   489.4   548.9   709.5  1299.6  6331.1 104887.5   105000
read      353.9   178.6   148.8   221.3   236.1   330.8   377.9   405.2   427.7   455.0   492.3   552.4   703.8  1360.7  8146.7 109884.2   110000
read      371.4   169.8   160.7   225.2   241.9   345.5   396.1   426.7   450.6   480.5   523.1   594.2   799.3  1457.7  5415.5 114864.2   115000
read      382.3   185.2   160.7   229.0   247.4   355.9   407.0   438.2   463.6   495.5   539.4   618.7   810.3  1431.3  6413.2 120003.1   120000
read      420.2   194.8   160.7   240.3   263.2   393.2   453.8   490.5   518.6   554.5   606.4   690.8   862.2  1176.0  7446.2 124904.8   125000
Warning! Detected max cpu usage > 95%
CPU Usage Stats (avg/min/max): 70.07%,1.51%,100.00%
----- End Round 3 -----
