----- Start Round 1 -----
#type       avg     std     min      p5     p10     p50     p67     p75     p80     p85     p90     p95     p99    p999   p9999      QPS   target       ts_start         ts_end
read      387.7   373.7   187.4   265.3   290.8   363.7   392.3   408.1   422.0   435.8   459.5   501.1   635.0  5344.4 19372.2   4960.2     5000  1683896272954  1683896278297
read      413.4   324.4   173.5   246.5   271.8   396.0   442.1   465.5   482.7   501.9   527.9   567.5   683.5  6233.0 12111.7  10086.0    10000  1683896279802  1683896285127
read      413.3   263.9   173.5   235.2   257.2   399.3   458.9   488.2   506.6   529.4   554.6   592.7   686.0  4178.9 11229.9  14938.9    15000  1683896286631  1683896291927
read      412.0   225.0   160.7   230.0   250.8   395.6   466.0   500.9   523.5   546.8   577.3   620.5   717.4  2238.5 10467.1  19912.0    20000  1683896293431  1683896298733
read      412.8   205.2   160.7   227.3   246.5   389.4   467.5   508.5   535.0   563.4   594.5   639.3   745.3  1819.5  7403.6  24950.2    25000  1683896300236  1683896305523
read      409.0   195.6   160.7   225.7   244.4   383.3   457.8   501.7   531.3   563.3   599.7   646.3   758.6  1532.2  7857.5  30014.2    30000  1683896307027  1683896312309
read      413.0   226.1   173.5   226.5   246.0   386.7   459.1   503.4   534.6   567.9   605.0   656.1   766.1  1898.1 10042.2  35110.2    35000  1683896313813  1683896319127
read      406.0   225.1   160.7   225.8   244.6   380.8   448.7   490.8   522.4   557.6   594.4   643.6   753.4  1364.8 11138.6  39852.4    40000  1683896320630  1683896325901
read      401.9   205.0   160.7   224.2   242.0   373.9   441.8   484.6   517.2   554.7   595.4   648.3   751.8  1939.5  8226.7  44889.3    45000  1683896327405  1683896332688
read      395.5   217.3   160.7   221.7   238.2   365.9   433.7   476.0   509.2   547.5   590.8   645.0   760.1  1439.6  9365.9  49814.0    50000  1683896334191  1683896339481
read      387.7   206.5   160.7   219.8   234.3   351.8   423.7   468.0   502.9   543.1   589.8   648.5   762.4  1723.6  7890.7  55066.2    55000  1683896340986  1683896346274
read      374.8   194.3   160.7   216.7   230.5   339.2   404.1   446.4   479.5   521.1   569.8   633.0   757.9  1586.2  7739.7  59926.8    60000  1683896347777  1683896353060
read      369.6   197.2   160.7   216.1   229.3   331.1   395.9   437.5   471.1   512.7   562.8   629.5   774.6  1657.0  7836.4  65031.4    65000  1683896354563  1683896359844
read      364.4   198.9   160.7   214.3   227.9   330.0   391.8   429.4   459.7   498.3   546.9   613.6   741.5  1514.2  8011.7  69918.2    70000  1683896361347  1683896366643
read      357.7   161.3   160.7   213.1   226.6   322.9   383.9   422.0   452.4   490.8   539.2   605.5   738.9  1370.3  4294.6  74934.6    75000  1683896368145  1683896373426
read      357.8   210.2   160.7   214.9   228.0   322.7   381.4   417.6   446.0   481.8   529.2   595.0   737.9  1739.3  9551.3  80020.7    80000  1683896374930  1683896380210
read      351.0   159.9   160.7   214.2   227.4   320.8   376.4   409.7   435.4   468.5   513.9   580.8   708.2  1454.8  5382.1  84766.8    85000  1683896381713  1683896386990
read      346.4   190.7   160.7   214.4   227.4   318.0   370.4   401.3   426.5   458.2   500.6   565.8   691.4  1185.5  6773.4  89918.2    90000  1683896388494  1683896393772
read      341.2   167.8   160.7   214.3   227.1   313.6   363.0   392.5   415.6   446.0   488.5   552.3   680.9  1398.2  7186.2  94777.8    95000  1683896395276  1683896400560
read      350.2   182.5   160.7   216.8   230.1   325.7   376.1   404.6   427.9   456.3   495.3   555.9   695.2  1438.0  6252.4 100105.4   100000  1683896402071  1683896407356
read      345.4   180.3   160.7   218.8   231.7   322.0   368.5   395.6   416.5   442.3   479.0   538.3   681.5  1369.2  7379.7 104824.6   105000  1683896408859  1683896414159
read      346.1   188.4   160.7   219.3   232.5   321.1   368.5   396.6   418.6   445.8   483.2   542.7   686.4  1272.2  8469.6 109880.8   110000  1683896415662  1683896420948
read      364.3   167.5   160.7   224.1   241.0   344.5   392.6   420.8   441.6   467.5   503.7   564.5   715.9  1123.4  7797.2 115013.8   115000  1683896422451  1683896427730
read      416.1   212.4   160.7   230.8   251.1   377.8   440.2   481.9   516.8   565.2   634.9   743.5   934.8  1265.7  7668.9 119197.3   120000  1683896429234  1683896434518
read      378.5   165.1   160.7   229.7   249.2   361.2   410.2   438.4   460.5   486.8   521.9   580.4   715.5  1170.3  5804.8 124821.4   125000  1683896436020  1683896441303
Warning! Detected max cpu usage > 95%
CPU Usage Stats (avg/min/max): 71.76%,4.55%,100.00%
----- End Round 1 -----
----- Start Round 2 -----
#type       avg     std     min      p5     p10     p50     p67     p75     p80     p85     p90     p95     p99    p999   p9999      QPS   target       ts_start         ts_end
read      400.4   352.0   173.5   268.7   295.7   374.6   404.3   423.5   435.6   455.0   478.1   521.5   662.2  7048.1 15389.3   4923.8     5000  1683896449021  1683896454365
read      419.7   280.9   173.5   250.4   276.6   407.9   452.5   476.0   493.5   511.6   539.6   584.5   701.1  4043.3 11520.9   9957.2    10000  1683896455872  1683896461195
read      423.3   318.8   173.5   236.1   259.0   407.6   466.7   496.4   516.6   539.8   570.3   619.2   741.2  3437.2 17705.6  15048.6    15000  1683896462699  1683896467992
read      419.8   205.4   173.5   232.2   253.5   402.2   474.6   512.2   536.2   563.1   594.3   642.0   744.7  1513.8  8794.2  19977.6    20000  1683896469496  1683896474799
read      417.1   209.3   173.5   230.1   250.2   395.4   468.6   509.2   535.9   565.2   598.9   646.8   759.3  2276.9  8948.6  24849.2    25000  1683896476302  1683896481627
read      415.2   207.4   173.5   229.2   247.7   387.2   463.6   508.2   539.7   574.3   613.5   666.3   786.8  1641.1  7943.2  29900.6    30000  1683896483131  1683896488410
read      414.9   221.4   160.7   229.1   248.2   385.9   459.0   505.0   538.1   573.2   612.4   667.4   789.7  2075.3  8305.5  34890.6    35000  1683896489913  1683896495220
read      412.7   203.0   160.7   228.0   247.3   387.5   458.2   500.9   532.1   566.3   605.4   659.9   774.5  2084.5  7993.2  39936.4    40000  1683896496724  1683896501995
read      404.0   191.1   160.7   224.6   242.3   374.7   446.7   491.1   524.1   560.9   601.8   657.2   780.6  1740.8  6055.2  44784.4    45000  1683896503499  1683896508788
read      396.5   193.8   160.7   223.2   239.9   364.2   434.2   478.7   512.0   549.7   592.8   649.7   780.4  1807.3  6828.7  49776.0    50000  1683896510292  1683896515564
read      386.4   448.6   160.7   223.3   239.3   350.5   416.8   459.9   494.4   535.2   582.8   639.8   760.9  1250.5  7843.5  54904.1    55000  1683896517067  1683896522343
read      386.0   202.9   160.7   222.9   238.7   346.9   414.8   459.2   494.9   537.7   589.0   656.1   795.8  1518.3  7541.9  59925.0    60000  1683896523846  1683896529133
read      372.0   219.0   160.7   217.4   230.5   332.6   397.5   439.6   473.1   515.6   565.7   631.0   769.1  1882.6  8241.5  65057.0    65000  1683896530636  1683896535946
read      365.4   170.2   160.7   216.4   229.7   331.5   393.4   431.7   462.3   500.5   549.1   618.0   739.9  1481.1  5690.9  69844.8    70000  1683896537449  1683896542730
read      360.9   184.6   160.7   216.3   229.2   325.6   385.6   422.6   451.6   488.4   536.3   604.9   741.6  1972.1  7758.3  74952.6    75000  1683896544233  1683896549514
read      358.7   169.2   160.7   216.4   229.6   327.4   385.4   420.8   448.5   483.7   531.4   595.9   733.0  1322.2  6045.1  79738.6    80000  1683896551018  1683896556293
read      349.2   167.7   160.7   214.4   227.3   317.2   372.3   406.1   433.7   468.5   516.7   584.8   719.8  1158.9  5166.6  84902.6    85000  1683896557797  1683896563075
read      345.8   176.4   160.7   214.4   227.1   314.2   366.9   399.2   425.3   458.2   502.4   571.2   719.0  1500.7  6311.2  89879.0    90000  1683896564578  1683896569850
read      343.9   169.5   160.7   216.7   229.2   316.3   365.5   395.2   418.6   448.8   491.4   555.7   689.5  1336.9  5924.6  95044.4    95000  1683896571353  1683896576630
read      352.1   177.3   160.7   219.2   232.6   326.8   377.1   405.8   429.3   458.6   498.1   560.7   705.9  1479.8  7382.0  99869.8   100000  1683896578134  1683896583415
read      346.9   185.0   160.7   219.1   232.2   322.6   370.6   398.9   421.2   448.7   486.3   545.1   681.1  1128.3  9291.3 104875.6   105000  1683896584918  1683896590201
read      360.6   148.4   160.7   222.0   237.8   339.5   389.6   418.7   440.3   467.7   504.7   567.1   719.1  1089.5  4164.7 109996.6   110000  1683896591705  1683896597021
read      399.0   187.8   160.7   227.6   247.0   368.4   427.3   464.3   494.8   534.0   589.2   680.4   857.3  1174.2  6496.5 114904.7   115000  1683896598524  1683896603801
read      414.8   211.4   160.7   237.6   260.6   390.2   448.5   484.2   510.7   545.5   591.3   665.7   821.4  1411.2  7773.1 119859.7   120000  1683896605305  1683896610588
read      398.8   180.8   160.7   232.6   253.2   374.4   432.0   466.8   494.3   528.0   573.4   641.2   793.3  1122.7  6553.4 124785.8   125000  1683896612091  1683896617378
Warning! Detected max cpu usage > 95%
CPU Usage Stats (avg/min/max): 72.08%,5.00%,100.00%
----- End Round 2 -----
----- Start Round 3 -----
#type       avg     std     min      p5     p10     p50     p67     p75     p80     p85     p90     p95     p99    p999   p9999      QPS   target       ts_start         ts_end
read      394.1   301.0   187.4   269.7   296.0   372.0   401.3   420.2   433.1   451.5   472.5   512.1   660.9  4588.6 10163.0   4947.6     5000  1683896625077  1683896630428
read      413.1   258.3   173.5   247.3   273.4   400.0   445.0   467.8   485.2   504.0   530.8   570.9   674.0  4252.3  9918.0   9938.8    10000  1683896631931  1683896637258
read      419.1   221.4   173.5   238.3   261.1   406.3   467.0   496.3   515.9   539.1   570.0   619.2   741.2  2397.4  8585.2  15040.6    15000  1683896638761  1683896644047
read      420.4   262.6   173.5   232.0   253.6   401.6   474.5   508.8   531.7   556.2   587.1   632.6   744.8  2429.9 13961.7  19887.0    20000  1683896645551  1683896650860
read      425.1   235.1   160.7   230.7   252.2   402.6   478.9   520.4   546.3   575.5   609.4   657.9   783.1  2581.0  8912.7  24867.0    25000  1683896652364  1683896657663
read      418.1   244.7   160.7   228.2   247.8   390.9   466.0   510.2   540.2   572.1   607.7   656.8   784.6  2478.1 10527.6  29983.0    30000  1683896659167  1683896664457
read      413.1   207.8   160.7   226.5   245.6   387.3   461.5   507.3   538.3   571.2   608.4   660.2   780.7  1393.1  8306.6  34913.1    35000  1683896665960  1683896671235
read      410.6   182.8   173.5   226.4   245.5   386.7   456.8   499.4   531.4   566.6   606.1   659.0   767.1  1443.7  7539.8  39953.0    40000  1683896672739  1683896678023
read      405.4   225.1   160.7   222.7   239.7   374.3   450.4   496.3   529.7   566.1   607.0   664.6   798.3  1548.7  8983.7  44900.0    45000  1683896679526  1683896684815
read      392.8   244.8   160.7   221.5   237.0   359.9   427.7   469.2   503.1   542.6   586.8   639.7   748.2  2472.2  9753.8  49886.8    50000  1683896686318  1683896691596
read      381.4   203.4   160.7   220.2   234.4   349.2   415.2   456.8   489.5   528.9   574.7   629.6   739.4  1472.4  7413.5  54879.6    55000  1683896693100  1683896698383
read      377.2   212.0   160.7   217.4   231.3   340.5   407.1   449.8   483.7   524.5   571.9   633.0   757.7  1761.6  8019.0  59984.4    60000  1683896699886  1683896705177
read      370.2   200.9   160.7   215.4   228.8   331.1   396.3   437.2   470.2   512.3   563.4   628.8   778.1  1978.1  7569.7  64891.6    65000  1683896706679  1683896711965
read      358.5   175.8   160.7   214.7   227.7   322.1   382.6   421.6   452.9   492.3   542.0   610.3   740.3  1375.1  6427.0  69855.0    70000  1683896713468  1683896718759
read      357.8   173.9   160.7   213.7   227.0   324.3   383.5   420.2   449.7   487.6   535.9   603.4   729.8  1415.1  6441.8  75051.1    75000  1683896720261  1683896725537
read      354.4   195.5   160.7   213.8   227.0   320.7   378.2   413.4   440.6   476.1   525.7   593.0   727.9  1640.1  7295.6  79724.2    80000  1683896727040  1683896732323
read      352.9   205.8   160.7   213.5   227.0   321.9   376.8   409.7   435.5   469.2   515.1   583.9   722.5  1610.0  7434.3  84956.2    85000  1683896733826  1683896739113
read      345.3   159.6   160.7   213.4   226.5   316.3   369.0   400.6   426.3   458.5   501.6   567.7   702.2  1246.3  4915.8  90103.8    90000  1683896740618  1683896745888
read      338.5   148.9   160.7   211.4   224.5   310.8   360.5   390.7   414.1   444.1   486.0   549.0   684.5  1524.6  5451.6  94705.2    95000  1683896747393  1683896752669
read      349.6   161.5   160.7   216.9   229.8   322.9   373.9   403.9   428.1   458.1   499.1   563.8   709.0  1342.0  6225.3  99885.2   100000  1683896754172  1683896759451
read      343.8   151.9   160.7   216.1   229.5   321.4   369.3   396.8   418.2   444.2   480.1   538.6   674.3  1321.9  7194.0 104713.4   105000  1683896760955  1683896766238
read      338.3   147.6   160.7   216.2   229.1   316.4   362.4   389.3   409.0   434.1   468.5   527.1   657.4  1353.5  4835.7 109898.8   110000  1683896767742  1683896773018
read      356.3   159.4   160.7   222.6   238.6   337.5   384.3   410.4   430.6   456.0   489.7   544.0   676.0  1188.0  6777.4 114865.8   115000  1683896774522  1683896779801
read      362.9   161.4   160.7   224.0   240.4   341.6   389.9   418.3   439.5   467.4   505.6   570.8   721.3  1083.4  5200.4 120001.6   120000  1683896781305  1683896786585
read      451.9   220.5   160.7   253.4   281.5   425.3   493.3   534.1   564.4   600.2   646.7   720.9   864.2  1292.1  9904.2 124695.6   125000  1683896788088  1683896793374
Warning! Detected max cpu usage > 95%
CPU Usage Stats (avg/min/max): 69.70%,1.02%,100.00%
----- End Round 3 -----
