./mcperf -s 10.0.16.3 -a 10.0.16.2 --noload -T 16 -C 4 -D 4 -Q 1000 -c 4 -t 5 --scan 5000:125000:5000 
#type       avg     std     min      p5     p10     p50     p67     p75     p80     p85     p90     p95     p99    p999   p9999      QPS   target       ts_start         ts_end
read      421.4   342.9   173.5   264.0   292.4   389.5   428.8   452.5   469.0   492.9   525.4   584.0   840.0  5435.0 13455.1   4956.2     5000  1684073211891  1684073217261
read      439.9   303.3   160.7   241.5   269.8   422.9   479.1   509.4   531.5   555.3   588.8   642.3   807.9  4372.8 11057.8  10075.2    10000  1684073218765  1684073224094
read      448.6   256.7   160.7   229.7   255.6   429.6   504.7   542.6   569.0   597.4   635.2   690.7   859.8  3411.6  9965.5  15028.6    15000  1684073225598  1684073230887
read      463.8   262.3   160.7   223.8   247.1   438.8   526.8   572.8   603.3   637.5   681.2   748.9   961.2  3047.4  9871.6  20035.0    20000  1684073232391  1684073237701
read      470.8   303.7   160.7   221.2   241.3   435.4   528.2   581.1   618.5   660.8   717.3   841.8  1070.0  2089.1 10062.6  25014.4    25000  1684073239204  1684073244499
read      493.2   349.0   160.7   219.8   237.0   424.4   534.3   599.7   649.1   714.1   852.8  1046.8  1331.2  3133.7 12630.0  29975.6    30000  1684073246002  1684073251284
read      479.9   311.9   160.7   218.0   235.2   420.7   532.4   598.6   645.4   698.1   781.5   956.7  1267.4  2409.3 11147.0  34834.2    35000  1684073252787  1684073258068
read      480.1   343.4   160.7   218.8   235.2   402.2   516.5   587.0   640.6   705.8   812.8  1022.7  1361.0  2953.8 14103.9  40057.4    40000  1684073259570  1684073264849
read      459.4   290.7   160.7   214.6   230.7   386.8   503.8   578.1   633.3   692.9   776.3   925.5  1228.6  1689.4  8267.9  44836.6    45000  1684073266352  1684073271625
read      444.8   266.8   160.7   213.3   229.2   370.7   479.3   550.4   608.2   671.7   745.7   894.7  1217.4  2378.5  7664.0  50186.6    50000  1684073273129  1684073278422
read      446.9   307.5   148.8   211.9   227.6   358.7   465.7   544.3   608.0   680.2   778.2   953.1  1318.3  2032.3  9661.4  54905.8    55000  1684073279925  1684073285211
read      443.1   309.1   148.8   211.8   227.3   348.8   448.9   525.6   593.9   676.2   790.2   989.2  1363.1  1981.4  9805.1  59793.9    60000  1684073286715  1684073291985
read      432.4   317.1   148.8   208.8   223.9   337.6   429.8   504.9   574.3   659.0   764.8   970.7  1365.1  2111.9 11404.2  64769.8    65000  1684073293489  1684073298765
read      437.2   319.6   148.8   208.8   224.0   338.2   424.5   493.1   560.7   657.5   800.3  1039.4  1449.9  2466.4 10052.1  70114.5    70000  1684073300269  1684073305556
read      427.2   297.5   148.8   210.8   226.1   339.3   418.0   476.6   537.0   629.6   752.6   995.3  1361.9  2122.2  8075.0  74897.2    75000  1684073307060  1684073312334
read      436.4   335.7   148.8   211.0   227.1   339.9   414.5   470.9   533.6   637.7   789.6  1065.7  1490.0  2487.3 10250.6  80062.0    80000  1684073313838  1684073319127
read      450.9   387.0   148.8   214.7   231.3   345.1   418.0   472.7   534.8   642.8   822.9  1118.2  1709.8  2878.7 14124.2  85058.4    85000  1684073320631  1684073325906
read      620.9  1349.0   148.8   216.8   234.3   336.6   383.1   416.6   453.6   543.5   989.8  2101.0  5968.5 13514.7 36170.0  89713.4    90000  1684073327409  1684073332691
read      726.6  1947.5   148.8   240.7   263.1   342.5   370.2   389.2   402.8   430.1   509.4  2810.7  9017.9 30882.6 39258.0  92482.4    95000  1684073334194  1684073339477
read      789.0  2357.4   148.8   276.7   294.7   349.7   371.4   387.3   398.9   418.7   459.0  2293.2 11896.9 31822.0 41097.3  92075.7   100000  1684073340982  1684073346255
read      781.5  2370.3   160.7   269.8   286.7   345.2   369.0   384.7   397.3   416.1   452.4  1991.6 12059.0 31683.3 39351.1  93230.8   105000  1684073347760  1684073353047
read      786.4  2331.9   160. 7   271.3   288.6   348.2   37 1.5   388.2   400.0   421.1    461.8  2446.5 11582.5 31582.5  40957.0  92614.4   110000  168 4073354551  1684073359829      read      780.5  2334.3   160.7   273.8   289.6   345.9   369.0   384.5   396.9   415.6   454.2  2010.7 11962.6 31510.6 40943.2  92755.4   115000  1684073361333  1684073366610
read      749.5  2287.8   148.8   262.7   279.0   331.7   353.5   367.8   379.0   397.8   433.6  2087.7 11281.7 31611.8 41190.9  97049.5   120000  1684073368114  1684073373397
read      753.5  2341.8   160.7   263.9   279.6   330.8   352.0   366.3   375.8   394.9   427.4  1735.7 12042.1 31715.6 40712.9  96979.2   125000  1684073374901  1684073380190
Warning! Detected max cpu usage > 95%
CPU Usage Stats (avg/min/max): 69.57%,1.51%,100.00%