1684073197.034747 [0.0, 0.0, 2.0, 1.0]
1684073198.0361595 [0.0, 0.0, 0.0, 0.0]
1684073199.037546 [1.0, 0.0, 1.0, 0.0]
1684073200.0389411 [2.0, 1.0, 0.0, 2.0]
1684073201.0403323 [0.0, 0.0, 0.0, 0.0]
1684073202.041733 [0.0, 2.0, 0.0, 1.0]
1684073203.0431054 [1.0, 0.0, 1.0, 0.0]
1684073204.044485 [0.0, 1.0, 0.0, 0.0]
1684073205.0458322 [1.0, 0.0, 1.0, 1.0]
1684073206.0471907 [0.0, 1.0, 1.0, 1.0]
1684073207.0485432 [0.0, 0.0, 0.0, 1.0]
1684073208.0498748 [0.0, 0.0, 1.0, 0.0]
1684073209.051245 [1.0, 1.0, 1.0, 1.0]
1684073210.0526226 [1.0, 0.0, 1.0, 1.0]
1684073211.0539927 [1.0, 0.0, 1.0, 0.0]
1684073212.0553472 [15.7, 5.9, 2.0, 3.0]
1684073213.0558512 [14.7, 3.0, 3.9, 2.0]
1684073214.0572045 [17.3, 5.0, 4.0, 2.0]
1684073215.0585482 [17.9, 4.9, 4.9, 4.0]
1684073216.0598626 [18.6, 4.9, 3.0, 5.0]
1684073217.0612054 [3.0, 2.0, 2.0, 0.0]
1684073218.0625653 [2.9, 0.0, 1.0, 0.0]
1684073219.063941 [37.7, 5.8, 5.0, 6.8]
1684073220.0652816 [40.1, 4.0, 4.1, 5.0]
1684073221.0666416 [38.1, 4.0, 4.0, 4.0]
1684073222.068066 [39.0, 6.8, 8.7, 4.0]
1684073223.0694249 [36.8, 4.0, 7.8, 5.9]
1684073224.070789 [1.0, 1.0, 1.0, 1.0]
1684073225.0721617 [18.3, 1.0, 2.0, 1.0]
1684073226.0735114 [48.1, 3.1, 6.1, 3.1]
1684073227.0748565 [48.7, 6.9, 7.9, 9.6]
1684073228.0762706 [47.7, 9.5, 10.6, 7.8]
1684073229.0776448 [47.7, 9.5, 4.1, 6.9]
1684073230.0783162 [41.5, 5.0, 5.1, 6.9]
1684073231.079758 [1.0, 2.0, 1.0, 0.0]
1684073232.0811384 [29.6, 2.0, 1.0, 3.0]
1684073233.0825121 [55.2, 8.0, 3.1, 5.1]
1684073234.083233 [55.8, 7.9, 5.1, 7.1]
1684073235.0838995 [54.9, 3.1, 5.1, 6.1]
1684073236.0855188 [54.4, 9.7, 4.1, 6.1]
1684073237.087067 [37.3, 5.9, 2.0, 2.1]
1684073238.0884585 [1.0, 0.0, 0.0, 0.0]
1684073239.089836 [43.1, 6.0, 2.1, 5.1]
1684073240.0913312 [58.9, 4.3, 4.2, 6.3]
1684073241.0929823 [58.1, 7.1, 2.1, 5.2]
1684073242.0943615 [58.4, 10.9, 7.1, 7.2]
1684073243.0959046 [58.0, 7.1, 3.2, 4.2]
1684073244.097453 [27.5, 3.0, 4.0, 2.1]
1684073245.098946 [1.0, 0.0, 0.0, 0.0]
1684073246.100326 [56.5, 8.1, 1.1, 8.1]
1684073247.1016872 [61.5, 8.2, 6.3, 4.3]
1684073248.1030931 [62.8, 4.3, 4.3, 7.2]
1684073249.104586 [63.3, 5.3, 4.3, 4.3]
1684073250.105995 [62.4, 8.2, 7.4, 5.3]
1684073251.1076317 [12.1, 2.0, 1.0, 1.0]
1684073252.1090703 [10.6, 4.0, 2.0, 3.0]
1684073253.1104372 [64.1, 6.5, 5.3, 6.4]
1684073254.1112342 [64.5, 6.5, 5.3, 8.3]
1684073255.1127613 [64.3, 8.5, 6.2, 5.4]
1684073256.1141582 [64.7, 9.5, 9.2, 7.3]
1684073257.1157172 [59.2, 9.3, 7.1, 6.3]
1684073258.117182 [1.0, 0.0, 1.0, 1.0]
1684073259.1185336 [28.1, 3.0, 0.0, 3.1]
1684073260.1199765 [67.8, 11.0, 9.8, 6.6]
1684073261.121689 [66.9, 5.3, 7.6, 4.5]
1684073262.1227438 [67.1, 8.2, 9.7, 5.4]
1684073263.1240187 [66.7, 5.2, 4.5, 4.3]
1684073264.12543 [51.5, 3.1, 4.3, 5.2]
1684073265.126821 [0.0, 1.0, 2.0, 0.0]
1684073266.1282105 [43.9, 5.2, 1.1, 5.3]
1684073267.1297383 [68.5, 9.7, 6.5, 6.7]
1684073268.1311917 [68.8, 7.6, 2.2, 4.5]
1684073269.1327908 [67.8, 14.3, 8.5, 14.3]
1684073270.134232 [67.6, 12.2, 5.4, 8.6]
1684073271.1358256 [36.4, 5.1, 4.1, 2.1]
1684073272.1373081 [0.0, 0.0, 1.0, 0.0]
1684073273.1386547 [59.7, 4.3, 3.3, 3.4]
1684073274.1401904 [69.8, 5.4, 5.4, 11.6]
1684073275.1412883 [68.8, 5.3, 4.3, 4.4]
1684073276.142684 [69.9, 5.3, 2.2, 3.4]
1684073277.143619 [68.5, 6.3, 4.3, 4.4]
1684073278.1451235 [21.8, 0.0, 1.0, 3.0]
1684073279.1465433 [1.0, 0.0, 1.0, 0.0]
1684073280.1478925 [75.0, 10.0, 5.6, 10.8]
1684073281.149311 [72.6, 8.4, 3.3, 4.4]
1684073282.150792 [73.0, 6.6, 7.4, 3.3]
1684073283.1522937 [72.8, 5.5, 3.3, 3.3]
1684073284.1538048 [73.0, 5.5, 4.4, 2.3]
1684073285.1552653 [1.0, 1.0, 0.0, 0.0]
1684073286.1567054 [21.9, 1.0, 0.0, 1.0]
1684073287.1583009 [76.3, 6.5, 7.7, 6.5]
1684073288.159897 [76.3, 4.4, 5.7, 3.4]
1684073289.1614864 [76.2, 5.4, 6.7, 3.3]
1684073290.162898 [76.9, 5.5, 4.6, 7.6]
1684073291.1643953 [62.1, 5.3, 1.1, 2.2]
1684073292.165809 [0.0, 1.0, 0.0, 0.0]
1684073293.167243 [40.7, 1.1, 2.2, 1.1]
1684073294.1685512 [78.3, 5.6, 9.0, 8.5]
1684073295.1700459 [78.0, 7.7, 5.8, 2.3]
1684073296.1715124 [77.5, 6.6, 4.7, 5.5]
1684073297.1722386 [77.3, 10.5, 7.9, 9.5]
1684073298.1738527 [47.8, 3.2, 5.3, 1.1]
1684073299.1752603 [1.0, 0.0, 0.0, 1.0]
1684073300.1766548 [59.8, 3.3, 3.2, 3.3]
1684073301.1781867 [83.5, 5.7, 5.5, 5.6]
1684073302.1797707 [83.3, 4.6, 5.6, 7.8]
1684073303.1813192 [83.3, 3.5, 4.4, 4.6]
1684073304.1827362 [84.0, 7.9, 3.4, 7.8]
1684073305.18425 [29.5, 1.1, 3.1, 2.1]
1684073306.1856964 [0.0, 0.0, 0.0, 0.0]
1684073307.1870408 [79.5, 7.5, 3.4, 3.5]
1684073308.188596 [85.5, 5.6, 2.3, 9.0]
1684073309.1901207 [85.5, 5.6, 7.8, 3.6]
1684073310.1916943 [86.2, 8.7, 4.6, 8.0]
1684073311.193274 [85.5, 5.6, 6.7, 6.9]
1684073312.1948261 [9.9, 1.0, 1.0, 1.0]
1684073313.1962194 [12.0, 1.0, 0.0, 0.0]
1684073314.1977346 [92.5, 3.5, 2.3, 2.4]
1684073315.1992965 [90.3, 6.9, 5.5, 6.9]
1684073316.2008193 [90.8, 5.7, 3.4, 4.7]
1684073317.2022982 [91.8, 4.7, 4.4, 4.8]
1684073318.2038457 [80.7, 6.7, 4.4, 2.4]
1684073319.2052903 [0.0, 0.0, 1.0, 1.0]
1684073320.2066612 [34.7, 3.2, 2.1, 3.2]
1684073321.2081444 [94.3, 3.6, 3.5, 3.6]
1684073322.2097208 [97.1, 7.1, 4.6, 4.8]
1684073323.211334 [95.3, 4.7, 3.4, 4.7]
1684073324.2128186 [93.5, 3.5, 3.5, 2.4]
1684073325.2143476 [62.1, 5.4, 2.2, 3.3]
1684073326.215765 [0.0, 2.0, 0.0, 2.0]
1684073327.2171369 [58.6, 1.1, 5.4, 3.3]
1684073328.2186756 [99.0, 3.5, 3.6, 2.4]
1684073329.2202926 [100.0, 7.7, 8.0, 9.1]
1684073330.221784 [100.0, 5.7, 3.7, 2.4]
1684073331.223442 [100.0, 4.7, 2.4, 7.1]
1684073332.2250617 [42.0, 2.1, 3.2, 1.1]
1684073333.2265327 [0.0, 1.0, 1.0, 0.0]
1684073334.2278886 [82.0, 2.3, 3.5, 3.5]
1684073335.229343 [100.0, 1.2, 1.2, 5.9]
1684073336.230923 [100.0, 3.5, 6.0, 8.2]
1684073337.2316937 [100.0, 3.5, 3.7, 6.0]
1684073338.2333524 [99.0, 1.2, 4.9, 4.8]
1684073339.2348027 [20.0, 1.0, 0.0, 3.1]
1684073340.2362192 [4.0, 1.0, 1.0, 0.0]
1684073341.2377186 [100.0, 2.3, 7.3, 2.4]
1684073342.239174 [100.0, 4.5, 3.8, 7.8]
1684073343.2405927 [100.0, 1.1, 5.0, 3.4]
1684073344.2420928 [100.0, 4.5, 6.1, 3.5]
1684073345.2436633 [96.0, 2.3, 2.5, 4.6]
1684073346.2451348 [0.0, 1.0, 0.0, 0.0]
1684073347.2465916 [27.0, 2.1, 3.1, 3.1]
1684073348.248141 [100.0, 8.1, 8.1, 8.0]
1684073349.2496448 [100.0, 3.7, 4.7, 2.4]
1684073350.2512167 [100.0, 6.0, 3.6, 4.7]
1684073351.25284 [100.0, 4.8, 3.6, 4.6]
1684073352.254385 [74.0, 3.4, 5.6, 6.5]
1684073353.2558384 [0.0, 0.0, 0.0, 1.0]
1684073354.25721 [49.5, 4.3, 2.2, 0.0]
1684073355.258681 [100.0, 1.3, 3.4, 1.2]
1684073356.2603133 [100.0, 8.3, 5.6, 6.8]
1684073357.2617838 [100.0, 7.1, 2.3, 5.7]
1684073358.2632737 [100.0, 8.2, 2.3, 3.5]
1684073359.2647886 [51.5, 3.3, 2.2, 2.2]
1684073360.2661912 [2.0, 1.0, 1.0, 2.0]
1684073361.2675986 [71.0, 4.5, 3.4, 1.1]
1684073362.2691784 [100.0, 5.9, 7.1, 4.7]
1684073363.2707589 [100.0, 3.5, 2.5, 1.2]
1684073364.27195 [100.0, 7.0, 3.7, 6.9]
1684073365.2733 [100.0, 3.6, 5.9, 4.7]
1684073366.2747886 [29.0, 4.1, 3.1, 1.0]
1684073367.2761643 [1.0, 0.0, 0.0, 0.0]
1684073368.2775025 [93.0, 3.7, 3.6, 1.2]
1684073369.278976 [100.0, 3.8, 6.9, 2.4]
1684073370.2805018 [100.0, 9.4, 8.0, 6.9]
1684073371.28199 [100.0, 2.6, 2.4, 1.2]
1684073372.2836237 [100.0, 12.6, 8.1, 9.2]
1684073373.2852068 [7.0, 2.0, 2.0, 1.0]
1684073374.2866185 [17.8, 0.0, 0.0, 1.0]
1684073375.288096 [100.0, 9.3, 6.0, 8.3]
1684073376.2896516 [100.0, 7.1, 3.6, 3.8]
1684073377.2912784 [100.0, 8.1, 9.2, 11.8]
1684073378.2920167 [100.0, 4.9, 4.8, 6.1]
1684073379.2936234 [83.8, 6.8, 3.5, 3.6]
1684073380.2950733 [1.0, 0.0, 1.0, 0.0]
1684073381.2964377 [0.0, 0.0, 1.0, 0.0]