----- Start Round 1 -----
#type       avg     std     min      p5     p10     p50     p67     p75     p80     p85     p90     p95     p99    p999   p9999     QPS   target
read      377.5   278.7   173.5   249.4   274.2   362.7   395.4   412.9   425.0   437.3   457.6   486.5   571.2  5158.9 10131.9   4956.4     5000
read      430.4   327.1   160.7   232.8   256.2   419.6   472.6   500.5   520.0   541.6   571.6   617.6   721.6  4952.6 11953.7  10036.2    10000
read      453.7   252.9   160.7   226.9   251.5   438.0   514.3   554.5   582.2   613.9   651.5   709.4   839.5  3459.3  9141.0  15018.6    15000
read      465.7   293.5   160.7   223.7   245.9   440.5   528.4   577.4   611.1   648.0   692.8   757.0   883.0  2342.9 12445.8  19861.2    20000
read      481.2   289.9   160.7   223.4   245.0   451.9   543.5   596.6   636.0   682.4   737.0   813.6   972.5  2489.6 11816.9  24963.0    25000
read      494.2   324.6   160.7   224.6   247.8   466.6   558.5   612.1   651.8   697.9   755.9   843.7  1022.8  2078.8 13938.9  30039.6    30000
read      499.2   312.2   160.7   225.8   248.0   469.4   567.9   623.2   664.6   714.0   775.1   862.8  1049.9  2063.4 12128.0  35175.8    35000
read      500.9   321.2   160.7   226.3   248.1   466.9   569.4   629.8   675.9   728.6   791.9   880.1  1064.5  1691.9 12579.1  40111.4    40000
read      475.4   306.8   160.7   220.5   238.6   433.2   533.3   592.4   637.4   693.2   763.8   858.3  1054.6  2373.4 11327.9  44850.0    45000
read      472.7   300.5   160.7   220.1   238.0   434.6   534.0   590.9   633.8   685.6   748.0   844.7  1032.9  2480.8 11812.6  49967.7    50000
read      456.5   309.1   160.7   219.2   235.3   411.2   508.2   566.1   610.7   664.7   733.0   829.8  1017.0  2252.1 12264.9  54886.4    55000
read      458.6   249.7   160.7   219.4   236.8   419.0   515.7   573.0   615.5   666.0   731.3   828.1  1018.9  1588.0  8799.4  59922.4    60000
read      463.9   275.7   160.7   221.8   241.0   422.1   517.8   576.5   620.8   673.6   739.4   836.9  1016.9  1487.3 10512.1  64840.6    65000
read      461.6   264.2   160.7   224.5   244.9   419.8   512.5   570.1   613.9   667.1   732.9   825.5  1002.5  1427.8 10458.0  70000.2    70000
read      517.1   303.3   160.7   238.0   267.7   471.6   571.6   631.9   679.5   736.6   811.8   933.7  1183.2  1995.9 11025.8  75156.0    75000
read      745.7   514.1   160.7   375.8   445.5   649.0   772.2   937.3  1032.6  1114.5  1192.4  1283.5  1450.5  3034.5 15267.7  78972.4    80000
read      831.8   442.6   173.5   520.0   557.1   690.5   798.4  1090.5  1174.7  1238.3  1301.6  1374.3  1501.7  3902.2 16203.0  78230.4    85000
read      744.8   430.5   173.5   426.8   466.2   635.3   823.8   949.9  1012.0  1072.7  1142.3  1236.2  1395.4  3970.5 16265.7  86082.2    90000
read      838.7   443.8   173.5   506.6   544.6   702.1   861.4  1086.2  1165.8  1236.4  1307.5  1385.2  1556.7  4868.5 16774.5  78378.0    95000
read      815.6   460.9   173.5   488.8   525.5   682.0   872.6  1059.3  1126.4  1185.1  1253.6  1347.2  1500.4  5197.8 17553.3  80796.2   100000
read      823.9   449.1   173.5   510.7   545.0   687.6   812.1  1079.7  1154.7  1218.5  1277.9  1361.8  1495.0  3721.3 17973.4  79715.2   105000
read      819.6   470.5   173.5   512.2   544.4   678.4   806.2  1085.9  1152.2  1211.2  1267.4  1347.8  1483.9  3923.8 20153.7  80309.4   110000
read      844.3   433.8   173.5   525.4   562.0   704.7   833.3  1111.8  1190.4  1250.1  1314.4  1384.8  1535.6  3285.3 16672.1  77825.2   115000
read      811.4   479.0   160.7   491.8   527.8   677.8   830.8  1052.3  1127.5  1190.9  1255.9  1342.4  1489.8  4889.8 20381.2  81207.6   120000
read      818.8   421.0   148.8   514.5   550.6   681.7   791.0  1074.7  1154.3  1220.5  1282.5  1360.5  1490.9  3143.5 18394.4  80148.6   125000
Warning! Detected max cpu usage > 95%
CPU Usage Stats (avg/min/max): 70.89%,4.06%,100.00%
----- End Round 1 -----
----- Start Round 2 -----
#type       avg     std     min      p5     p10     p50     p67     p75     p80     p85     p90     p95     p99    p999   p9999     QPS   target
read      399.3   378.9   173.5   256.0   284.3   380.0   408.9   424.8   434.7   450.0   467.1   499.4   644.0  7626.4 15666.6   5001.6     5000
read      437.3   339.0   160.7   237.8   261.8   423.1   472.8   500.3   520.0   543.0   574.6   626.2   787.6  5334.0 12724.4  10000.8    10000
read      453.9   342.2   160.7   230.0   254.4   434.1   505.3   543.7   572.1   604.5   645.6   713.3   848.1  3847.7 12864.6  14963.6    15000
read      472.9   371.3   160.7   225.9   248.9   445.4   530.8   577.7   611.8   650.6   698.7   771.0   919.3  4295.7 13445.9  19948.0    20000
read      476.3   297.6   160.7   223.8   245.2   445.1   537.5   590.0   628.5   673.8   729.5   805.0   942.6  3221.7 11467.5  24878.8    25000
read      486.5   270.4   160.7   224.1   245.7   454.9   548.4   605.6   647.7   698.6   762.5   845.2   997.5  2282.1  9303.8  30157.8    30000
read      494.8   311.1   160.7   224.5   246.8   463.6   557.9   613.1   654.9   706.2   772.8   865.2  1046.8  2390.8 11831.8  34872.7    35000
read      484.1   285.4   160.7   223.7   243.9   450.3   547.3   605.3   649.5   702.3   767.0   853.3  1010.3  1725.0 10845.3  39890.6    40000
read      476.9   344.8   160.7   222.6   240.6   439.7   538.6   593.3   636.0   687.5   753.1   846.2  1018.8  2566.6 13713.2  45195.6    45000
read      462.3   296.4   160.7   219.4   235.4   421.2   519.8   577.9   622.3   675.5   740.8   830.2   997.9  1932.6 11072.0  50023.8    50000
read      466.1   308.3   160.7   220.5   237.8   424.5   524.2   580.7   623.0   675.3   742.9   840.8  1019.3  1676.7 12678.1  54934.8    55000
read      462.0   268.3   160.7   219.8   237.8   423.8   519.0   574.5   616.5   668.2   735.8   833.1  1012.7  1454.9 11672.3  59942.6    60000
read      456.0   273.8   160.7   219.8   238.4   414.9   507.2   561.9   603.2   654.6   722.6   819.3  1013.7  2021.3  9959.9  65087.2    65000
read      462.0   278.5   160.7   222.7   242.2   418.4   510.2   566.7   609.5   662.5   731.1   830.8  1041.8  2412.8  9505.8  69870.4    70000
read      526.7   322.1   160.7   241.0   273.1   481.6   583.7   641.2   686.3   743.6   823.1   942.1  1214.8  2228.5 13080.4  75044.4    75000
read      751.2   429.7   160.7   398.6   455.5   653.1   799.4   947.2  1027.1  1099.7  1176.2  1273.2  1447.3  3920.9 16380.6  79795.6    80000
read      817.8   412.6   187.4   507.6   542.1   685.0   803.0  1062.8  1143.1  1209.8  1275.9  1362.0  1495.6  3814.4 15290.3  79140.6    85000
read      834.5   451.7   173.5   515.5   552.8   693.8   830.7  1097.8  1169.7  1233.1  1296.7  1373.8  1509.8  4163.7 18405.6  78646.8    90000
read      860.4   485.6   173.5   545.3   579.5   715.8   806.8  1125.5  1212.5  1276.9  1342.2  1424.2  1573.6  5419.8 19057.9  76624.4    95000
read      830.5   460.4   160.7   513.2   553.3   693.2   799.4  1073.8  1165.5  1233.2  1298.3  1376.0  1502.6  5674.3 16191.4  79268.4   100000
read      820.9   447.6   160.7   517.8   551.7   678.9   792.4  1088.7  1157.0  1217.7  1275.9  1355.7  1486.5  3945.2 19728.4  80131.0   105000
read      833.6   430.9   173.5   532.2   565.3   688.2   791.7  1109.8  1188.9  1243.4  1301.8  1371.5  1499.0  3923.3 14189.4  78831.1   110000
read      864.1   477.1   173.5   549.6   582.4   720.2   807.2  1125.7  1217.2  1287.9  1351.4  1433.8  1577.9  5897.5 18172.1  76313.4   115000
read      792.8   434.6   173.5   491.6   523.8   656.5   789.2  1044.4  1112.3  1167.8  1230.0  1306.6  1455.2  4534.8 17280.5  82924.2   120000
read      826.2   459.7   173.5   513.0   547.3   689.4   812.3  1069.1  1147.3  1213.4  1277.1  1365.9  1529.3  4962.0 17118.9  79743.2   125000
Warning! Detected max cpu usage > 95%
CPU Usage Stats (avg/min/max): 68.53%,1.01%,100.00%
----- End Round 2 -----
----- Start Round 3 -----
#type       avg     std     min      p5     p10     p50     p67     p75     p80     p85     p90     p95     p99    p999   p9999     QPS   target
read      402.5   321.0   173.5   255.6   287.0   384.8   414.4   430.0   441.3   456.1   471.0   502.8   634.6  5498.0  9895.7   4941.0     5000
read      435.7   333.5   173.5   237.6   260.3   427.1   479.3   506.2   526.7   548.0   580.1   629.2   746.7  3946.4 12194.7  10030.2    10000
read      457.3   290.9   173.5   228.4   252.6   435.6   509.3   548.7   579.1   614.0   657.8   724.4   867.5  4015.9 10841.6  14824.4    15000
read      472.3   298.9   160.7   225.2   248.0   444.9   529.0   577.0   612.4   653.5   705.9   781.8   930.3  3938.8 11068.9  20010.6    20000
read      482.1   283.1   160.7   224.9   247.3   451.3   542.6   597.0   637.7   684.8   742.1   824.7   977.9  2291.1 11803.4  24811.4    25000
read      487.3   371.8   160.7   222.8   244.2   450.4   544.0   600.6   643.3   693.4   756.0   843.5  1021.3  4040.3 12639.0  30050.2    30000
read      494.4   333.8   160.7   224.6   246.3   460.8   554.0   609.4   650.2   701.7   767.3   857.4  1035.6  3755.1 12626.3  35026.2    35000
read      486.8   312.8   160.7   223.2   243.2   453.2   548.8   605.6   648.4   699.8   765.2   855.8  1030.0  2528.5 12796.7  39992.8    40000
read      482.1   332.5   160.7   221.8   241.1   444.0   540.4   597.3   641.0   694.3   763.8   857.3  1046.3  2660.9 12690.5  45181.2    45000
read      463.8   277.4   160.7   220.2   236.6   422.8   519.7   576.8   621.8   677.4   746.9   841.1  1016.0  1905.9 10133.8  49883.0    50000
read      457.6   280.7   160.7   218.0   234.3   417.6   512.3   569.2   612.7   666.3   733.7   830.4  1013.7  1598.5 11337.7  55014.8    55000
read      470.5   301.0   160.7   223.2   242.9   427.7   527.0   584.4   628.2   680.7   747.5   848.9  1028.6  1783.5 12594.1  60052.8    60000
read      467.5   270.2   160.7   225.8   246.8   425.5   521.3   576.9   619.0   671.7   738.6   839.3  1037.1  1547.9 10867.5  65030.4    65000
read      452.0   233.3   148.8   222.3   241.8   410.5   500.0   553.6   596.7   650.3   720.0   817.6  1008.7  1373.6  7968.9  69905.2    70000
read      472.9   260.0   148.8   226.9   250.0   430.0   522.3   577.9   620.2   673.0   739.6   844.7  1110.3  1693.2  9003.1  74974.0    75000
read      716.4   410.0   160.7   334.5   405.5   629.9   738.9   884.1   991.7  1081.1  1164.4  1261.0  1413.0  3927.2 13798.7  79493.6    80000
read      796.7   400.1   173.5   478.4   521.2   674.1   793.0  1029.7  1116.5  1186.5  1252.0  1335.2  1476.5  3337.6 15559.5  80153.4    85000
read      814.8   411.0   160.7   505.1   540.0   680.9   798.5  1064.1  1145.1  1212.2  1275.2  1354.5  1482.1  4057.7 15047.6  80187.6    90000
read      766.5   382.9   173.5   472.6   504.1   637.3   792.2  1010.0  1071.5  1129.6  1187.7  1266.4  1405.6  3412.5 13898.6  85075.4    95000
read      805.5   438.7   173.5   500.8   531.8   672.0   791.3  1055.1  1129.5  1188.7  1252.5  1337.9  1484.2  4213.2 16317.6  81635.9   100000
read      894.8  3500.9   187.4   519.7   556.4   693.9   872.6  1094.6  1169.0  1232.0  1293.4  1368.4  1516.7  8640.9 249441.5  73546.8   105000
read      826.4   494.6   173.5   475.3   522.1   800.5   914.6   977.8  1023.2  1082.9  1159.6  1266.2  1445.4  3630.7 15102.3  79194.8   110000
read      840.5   975.4   173.5   510.9   547.2   696.9   885.4  1104.9  1172.0  1232.5  1293.0  1368.2  1496.6  3880.0 18604.9  78241.6   115000
read      859.4   575.0   173.5   526.1   563.9   715.1   868.1  1128.4  1203.3  1265.0  1330.4  1408.2  1563.7  4996.2 17282.1  76677.8   120000
read      795.9   638.0   187.4   476.9   512.4   666.3   867.7  1034.3  1096.7  1156.5  1223.6  1311.7  1475.4  4084.4 18043.5  82618.8   125000
Warning! Detected max cpu usage > 95%
CPU Usage Stats (avg/min/max): 68.53%,1.00%,100.00%
----- End Round 3 -----
