----- Start Round 1 -----
#type       avg     std     min      p5     p10     p50     p67     p75     p80     p85     p90     p95     p99    p999   p9999     QPS   target
read      383.1   394.0   173.5   253.8   277.6   358.2   388.4   404.6   420.1   435.6   460.2   498.7   603.6  6769.7 15691.0   4961.2     5000
read      404.4   249.9   160.7   237.2   258.6   389.0   443.1   471.9   492.1   513.5   543.2   586.8   684.3  3941.9 11376.5   9946.2    10000
read      428.6   255.4   160.7   233.0   254.3   403.7   479.8   519.3   546.9   577.7   614.9   671.0   791.7  2504.3  9779.4  14988.4    15000
read      447.3   306.1   173.5   230.8   252.6   416.8   497.6   544.3   577.2   614.6   661.9   732.5   884.0  2780.7 16438.6  19930.6    20000
read      459.6   268.5   160.7   229.7   252.0   427.7   511.8   560.7   595.0   637.2   693.0   778.6   933.3  2677.1 10119.1  25057.8    25000
read      467.3   224.1   160.7   230.0   252.3   435.5   522.8   574.9   614.1   661.8   721.8   806.0   972.6  1586.7  5834.5  30003.3    30000
read      468.2   257.6   160.7   229.1   251.2   434.3   521.4   572.3   610.6   658.0   721.2   814.3   995.9  2806.2  9444.5  34975.4    35000
read      465.6   285.3   160.7   228.3   249.2   429.3   516.5   569.5   609.5   659.3   722.8   814.5   983.1  1816.6 10807.4  39888.4    40000
read      456.8   240.1   160.7   226.4   246.5   423.6   510.0   561.9   599.8   647.8   709.2   800.0   979.5  1552.4  8048.2  45016.8    45000
read      440.9   270.4   160.7   221.7   239.1   405.1   489.8   539.6   577.4   622.8   681.5   766.7   936.2  2941.7 10242.9  50106.4    50000
read      439.5   252.2   148.8   222.0   240.2   405.8   489.5   539.0   576.2   621.3   680.4   770.5   939.8  1363.3  9984.3  54952.4    55000
read      440.3   232.1   160.7   223.6   242.3   404.6   489.7   540.2   578.3   625.0   685.6   777.1   939.9  1331.2  8795.7  59907.8    60000
read      442.5   443.3   160.7   225.0   244.1   404.4   489.7   539.5   577.5   623.6   682.6   773.1   941.9  1577.7  9407.5  64978.2    65000
read      451.0   271.9   160.7   227.8   249.0   415.6   498.6   547.7   586.1   631.6   691.0   783.5   956.8  1510.2 11349.9  70126.3    70000
read      463.3   262.4   160.7   230.2   254.4   426.5   511.2   560.7   598.1   645.0   707.8   805.6  1041.3  1596.2 10663.5  74995.8    75000
read      546.1   346.4   160.7   255.2   291.0   491.4   591.1   659.7   716.0   786.5   870.4   990.3  1188.7  2774.8 14649.1  79963.4    80000
read      817.1   469.5   173.5   485.6   524.3   683.4   905.5  1064.2  1130.3  1189.3  1252.7  1335.2  1476.0  4273.7 19979.4  79442.3    85000
read      817.2   454.7   173.5   487.6   526.5   679.6   920.0  1072.4  1136.3  1194.5  1251.7  1328.5  1470.8  3715.4 19771.8  80121.4    90000
read      798.0   420.0   173.5   489.6   522.4   659.3   885.3  1060.2  1118.7  1168.4  1226.3  1296.1  1430.5  4196.8 15861.1  82110.2    95000
read      813.0   463.5   173.5   491.3   526.7   673.6   886.3  1065.9  1131.3  1190.0  1251.7  1331.2  1469.9  5165.5 16734.2  81009.0   100000
read      798.4   399.1   173.5   484.7   519.3   666.1   884.1  1055.0  1117.0  1170.5  1231.4  1306.6  1443.8  3379.0 15346.8  82129.2   105000
read      797.4   416.0   173.5   484.8   519.9   663.4   863.3  1051.5  1116.0  1171.8  1232.4  1305.4  1445.2  3938.6 16582.2  82329.0   110000
read      802.0   416.1   173.5   491.3   524.8   664.3   861.9  1060.8  1123.4  1177.1  1237.8  1313.6  1454.6  4424.8 15870.4  81962.0   115000
read      793.6   407.3   187.4   473.9   510.3   666.8   889.0  1037.3  1098.2  1155.9  1220.3  1301.2  1453.8  3959.8 15259.8  82767.2   120000
read      812.3   437.0   187.4   494.8   527.9   669.9   917.5  1076.6  1133.4  1184.9  1244.0  1320.3  1465.6  4998.4 14882.8  80938.3   125000
Warning! Detected max cpu usage > 95%
CPU Usage Stats (avg/min/max): 72.72%,6.97%,100.00%
----- End Round 1 -----
----- Start Round 2 -----
#type       avg     std     min      p5     p10     p50     p67     p75     p80     p85     p90     p95     p99    p999   p9999     QPS   target
read      383.7   388.3   187.4   252.1   276.2   357.7   388.0   403.8   419.2   435.1   459.3   496.7   651.0  5919.2 16927.2   4971.6     5000
read      398.6   301.9   173.5   235.8   256.4   382.1   432.2   457.6   474.1   495.0   520.5   563.6   670.4  4588.0 13958.5   9983.2    10000
read      431.5   289.0   173.5   237.4   259.0   407.2   477.5   512.3   537.9   567.6   604.3   662.5   798.2  3923.0 12041.0  15144.2    15000
read      446.8   269.0   160.7   236.8   258.9   415.4   492.3   535.7   569.0   609.1   661.3   740.3   887.9  2643.5 10868.5  19994.4    20000
read      460.4   236.0   160.7   235.5   258.3   426.0   505.8   554.3   592.8   640.0   707.3   793.2   930.3  3541.7  8912.0  24961.2    25000
read      461.5   262.7   173.5   229.3   251.2   426.4   509.2   561.3   601.5   650.9   717.1   802.9   944.8  2714.4  9875.9  29931.0    30000
read      467.0   270.0   160.7   230.2   252.9   434.5   518.7   569.3   608.3   657.5   725.6   814.8   972.6  1459.9 10018.5  34939.2    35000
read      468.3   268.9   160.7   229.3   250.9   436.1   519.2   569.7   609.2   659.9   727.6   817.2   977.0  2105.9 10257.6  39921.6    40000
read      459.2   261.3   160.7   226.5   246.6   423.8   509.7   564.2   605.4   656.0   722.6   810.4   969.1  1331.4  8617.5  44897.8    45000
read      451.0   241.9   160.7   225.2   244.3   414.8   500.9   552.6   592.0   641.3   707.6   800.7   979.2  1599.2  8357.0  49976.8    50000
read      441.0   231.7   160.7   222.7   241.0   403.6   489.8   540.7   579.2   626.6   689.4   783.5   953.6  1486.1  9088.5  54912.0    55000
read      443.6   243.6   160.7   225.0   244.3   405.9   488.8   539.3   579.1   628.5   691.8   785.6   951.7  1705.2  8130.5  60342.6    60000
read      442.3   246.4   160.7   225.9   245.6   405.0   489.4   539.4   577.2   623.5   683.6   774.1   934.4  1537.8  9233.0  64963.4    65000
read      456.6   231.3   160.7   232.9   255.4   420.2   502.9   553.1   592.4   640.5   702.9   792.5   974.1  1744.0  8405.6  69907.7    70000
read      457.4   274.4   160.7   233.4   256.7   419.8   500.1   548.7   587.1   634.7   694.0   786.3  1006.0  1649.9 10870.3  74906.2    75000
read      613.2   372.1   160.7   286.1   335.3   550.1   663.8   749.9   817.9   891.0   972.5  1082.2  1267.4  2979.6 14868.6  79872.2    80000
read      788.4   444.3   173.5   462.6   500.6   665.5   879.3  1019.9  1082.5  1143.3  1207.4  1283.5  1432.6  4616.6 16951.2  81164.2    85000
read      797.3   447.0   173.5   482.8   517.4   661.2   891.2  1049.8  1112.7  1167.7  1226.6  1292.5  1425.4  3820.3 18693.2  81664.8    90000
read      803.3   423.9   173.5   479.9   517.1   674.6   884.0  1047.6  1113.3  1172.3  1237.0  1319.0  1471.7  4020.7 17867.7  81685.6    95000
read      803.2   456.8   187.4   483.0   519.2   668.4   906.7  1055.3  1115.7  1167.7  1228.0  1303.9  1455.3  3703.5 20394.1  81876.0   100000
read      776.9   546.2   187.4   457.9   491.8   654.9   880.4  1005.6  1062.3  1119.7  1183.5  1273.2  1427.1  3878.4 19487.5  84550.0   105000
read      774.8   399.3   187.4   466.6   498.0   640.0   900.4  1026.5  1075.4  1125.8  1177.9  1256.1  1384.8  4033.2 14409.9  84784.6   110000
read      811.0   440.2   173.5   488.6   524.7   673.3   907.3  1066.6  1129.7  1186.7  1246.9  1323.9  1459.1  4166.2 17152.5  81154.4   115000
read      803.8   412.6   160.7   492.8   527.1   670.5   834.2  1055.3  1126.3  1186.4  1247.7  1325.5  1464.3  3794.7 15681.4  81679.2   120000
read      806.2   506.3   187.4   483.6   518.7   668.4   907.0  1055.8  1117.2  1172.3  1233.0  1307.5  1453.0  4911.4 20651.9  81809.6   125000
Warning! Detected max cpu usage > 95%
CPU Usage Stats (avg/min/max): 68.88%,3.50%,100.00%
----- End Round 2 -----
----- Start Round 3 -----
#type       avg     std     min      p5     p10     p50     p67     p75     p80     p85     p90     p95     p99    p999   p9999     QPS   target
read      388.7   579.7   173.5   250.3   275.9   350.5   375.9   391.5   401.2   415.5   432.2   466.5   695.3  8648.1 21784.9   4993.2     5000
read      397.4   352.8   173.5   235.5   256.8   380.2   425.3   448.6   464.3   483.9   507.3   548.4   679.6  4719.1 19234.3   9970.8    10000
read      416.4   289.6   160.7   231.2   252.4   392.3   457.4   491.5   515.1   544.8   585.3   646.2   772.6  4118.3 11627.0  14999.2    15000
read      438.0   245.9   173.5   231.7   254.1   408.7   481.5   525.2   557.5   598.2   651.0   724.6   852.5  2326.9 10261.2  19899.8    20000
read      449.1   260.6   160.7   230.2   252.7   414.9   491.8   539.4   578.6   628.4   687.3   763.9   909.0  2705.6 11328.7  24846.6    25000
read      459.1   253.7   160.7   230.2   252.9   425.6   504.9   555.4   598.2   648.8   709.6   789.0   928.3  2561.4  7364.1  30018.4    30000
read      462.5   262.3   160.7   229.3   250.8   427.8   511.9   564.6   606.7   658.2   722.2   804.9   949.0  1535.8  8072.8  35100.6    35000
read      465.8   268.7   160.7   229.0   250.5   430.5   516.9   571.1   613.8   665.2   728.7   811.9   971.8  1719.6 11240.5  39847.0    40000
read      454.6   313.5   160.7   227.0   246.2   415.8   502.6   554.0   593.7   644.4   708.5   795.2   954.1  1933.3 12161.7  45035.2    45000
read      451.0   228.7   160.7   225.0   244.6   415.4   502.4   555.4   596.5   646.7   710.1   796.9   959.8  1306.8  7658.4  49973.6    50000
read      441.3   260.8   160.7   222.7   241.1   402.6   489.7   542.5   583.2   631.5   693.0   781.0   935.8  1287.2  9834.1  54824.6    55000
read      438.5   201.3   160.7   224.3   242.7   401.9   488.2   540.4   580.5   628.0   688.4   776.2   932.4  1251.6  5719.3  59878.0    60000
read      441.8   231.1   160.7   225.1   244.7   404.4   486.9   538.9   579.3   627.8   689.2   779.9   944.0  1383.6  7490.3  64822.4    65000
read      446.5   264.9   160.7   228.4   249.4   409.6   492.7   543.3   582.0   627.9   685.4   771.0   934.6  1491.4 10576.9  70051.2    70000
read      456.1   292.3   160.7   234.4   258.3   418.6   502.0   553.5   592.6   638.3   693.3   779.4   945.3  1356.3 12042.5  74953.8    75000
read      523.2   285.0   160.7   253.2   287.3   476.6   572.7   633.6   681.7   740.3   819.4   937.0  1136.5  1596.8  9977.3  79807.4    80000
read      756.5   381.6   173.5   440.2   476.7   642.6   864.7   975.8  1035.6  1092.6  1158.1  1243.7  1379.2  2907.2 15421.0  82776.2    85000
read      807.6   451.1   173.5   486.9   523.8   674.6   880.5  1057.2  1123.6  1180.6  1243.0  1322.0  1463.6  3853.4 18353.3  81098.3    90000
read      815.3   403.8   160.7   493.4   530.4   680.3   888.9  1074.3  1141.2  1202.1  1262.0  1340.7  1473.3  3039.2 15446.1  80307.5    95000
read      814.6   447.9   187.4   492.5   529.3   675.8   906.3  1076.7  1137.5  1192.8  1250.8  1327.4  1463.5  3828.7 18901.2  80542.9   100000
read      809.8   458.0   187.4   488.7   524.4   672.7   904.8  1063.8  1126.1  1179.9  1240.2  1318.3  1467.8  4160.3 18728.8  81185.0   105000
read      815.0   446.0   173.5   486.7   523.6   678.3   920.7  1065.3  1127.8  1185.2  1247.1  1326.2  1469.5  4683.7 17528.7  80729.1   110000
read      795.2   399.6   187.4   491.2   524.7   660.5   807.5  1053.2  1121.2  1175.6  1233.1  1300.1  1437.8  4134.7 14118.0  82670.8   115000
read      789.6   400.9   173.5   476.0   511.5   656.0   895.2  1044.1  1099.8  1152.4  1210.9  1282.6  1427.6  4058.9 14128.1  83113.2   120000
read      815.2   406.9   173.5   497.6   533.1   678.2   872.3  1076.3  1141.5  1201.2  1261.1  1341.9  1477.2  3950.7 14575.8  80410.7   125000
Warning! Detected max cpu usage > 95%
CPU Usage Stats (avg/min/max): 74.91%,12.12%,100.00%
----- End Round 3 -----
