----- Start Round 1 -----
#type       avg     std     min      p5     p10     p50     p67     p75     p80     p85     p90     p95     p99    p999   p9999     QPS   target
read      398.0   472.2   173.5   254.6   276.6   361.9   398.9   420.9   435.7   457.2   484.7   533.2   697.4  7789.9 24241.7   4947.6     5000
read      430.3   366.8   173.5   237.8   259.5   400.2   466.6   502.5   527.9   556.0   592.1   646.1   785.4  4057.2 18994.4   9933.4    10000
read      442.5   266.3   173.5   228.6   248.6   403.2   491.4   542.3   579.3   620.7   671.3   749.9   951.5  2391.1  9858.5  15038.8    15000
read      471.8   328.0   160.7   226.7   244.9   415.8   516.4   579.1   625.3   680.2   749.0   868.5  1135.5  3861.6 12779.5  19995.2    20000
read      493.9   397.2   173.5   224.7   241.9   416.1   529.8   603.3   664.0   739.5   845.1  1016.1  1281.6  4343.5 14080.4  25058.4    25000
read      486.6   340.3   160.7   222.8   238.9   400.5   519.9   601.3   669.6   747.7   853.6  1033.2  1322.6  1815.4 12382.8  30027.8    30000
read      491.1   357.0   160.7   222.8   239.0   398.7   522.6   611.5   682.7   763.0   860.2  1040.0  1379.8  3043.5 10396.3  34951.2    35000
read      492.8   327.3   160.7   222.5   239.2   391.0   514.5   606.8   687.1   784.3   904.2  1090.5  1429.1  2030.0 10661.3  40017.8    40000
read      467.2   348.1   160.7   220.8   236.2   381.5   495.5   576.0   643.3   719.7   805.6   945.1  1284.2  2739.8 11390.8  45131.8    45000
read      468.3   326.8   160.7   221.5   236.7   365.8   475.1   562.4   640.3   738.7   851.5  1032.9  1393.2  2137.4  9089.2  50048.2    50000
read      472.0   332.5   160.7   223.6   240.6   377.5   485.0   565.7   636.8   723.5   830.4  1016.4  1428.7  2118.5 10617.4  54892.6    55000
read      460.4   341.8   160.7   219.5   234.1   356.4   459.4   534.8   601.1   697.1   829.7  1065.0  1513.2  2138.9 10786.3  59796.0    60000
read      475.7   380.8   160.7   221.3   237.1   367.1   469.0   544.7   614.5   711.7   851.3  1116.6  1656.1  2491.8 12514.4  65035.0    65000
read      482.6   382.0   160.7   222.5   239.1   364.8   465.1   543.1   617.0   727.9   895.9  1166.4  1704.6  3485.5 12276.1  70036.3    70000
read      478.2   376.0   160.7   222.2   238.8   360.4   452.6   527.5   599.9   712.9   881.7  1172.8  1791.4  2618.9 10921.9  74951.0    75000
read      554.0   477.9   160.7   232.1   252.9   390.5   500.6   609.5   720.4   883.1  1099.0  1487.5  2171.5  3765.3 12444.8  79783.9    80000
read      819.3   977.2   160.7   299.2   325.8   431.0   708.8  1354.4  1500.8  1600.3  1707.1  1860.8  2792.2 12370.6 31649.1  80852.5    85000
read      838.4  1056.4   160.7   302.0   330.6   436.6   704.5  1371.9  1514.5  1615.6  1721.2  1876.9  2865.9 12694.1 32183.2  79532.2    90000
read      823.9  1045.1   160.7   303.2   329.3   428.7   654.9  1360.4  1502.5  1604.5  1708.7  1860.3  2819.3 12925.8 33394.6  80654.8    95000
read      857.3  1077.5   160.7   293.3   321.6   462.6   789.6  1404.8  1533.0  1634.2  1744.1  1911.6  2844.3 13379.3 31972.8  77535.0   100000
read      809.7   985.7   160.7   298.7   323.6   422.2   646.3  1366.1  1501.4  1598.4  1702.6  1853.5  2735.3 12578.9 31566.7  81772.0   105000
read      851.3  1087.4   160.7   302.3   332.7   452.2   781.8  1376.5  1518.2  1620.2  1725.5  1878.7  2884.0 12867.6 32481.2  78074.0   110000
read      851.7  1172.5   160.7   304.4   335.9   442.5   676.9  1378.2  1520.0  1618.4  1724.5  1884.7  2845.3 14536.0 36599.0  78635.0   115000
read      876.2  1170.5   173.5   303.5   340.7   462.3   807.5  1426.9  1549.8  1647.1  1746.5  1912.5  2856.6 16453.3 36013.7  76418.3   120000
read      854.0  1027.1   173.5   302.1   333.4   454.6   801.0  1401.2  1532.2  1632.5  1735.7  1887.2  2872.2 12361.0 32422.6  77880.6   125000
Warning! Detected max cpu usage > 95%
CPU Usage Stats (avg/min/max): 71.10%,4.00%,100.00%
----- End Round 1 -----
----- Start Round 2 -----
#type       avg     std     min      p5     p10     p50     p67     p75     p80     p85     p90     p95     p99    p999   p9999     QPS   target
read      394.5   254.0   173.5   257.4   286.1   379.9   412.1   429.2   441.3   457.2   474.3   506.9   632.1  4817.1  8081.0   4964.2     5000
read      436.4   340.4   173.5   238.5   261.8   412.9   469.1   501.0   526.2   557.5   605.7   676.6   820.0  4016.3 19000.7   9969.6    10000
read      467.5   326.5   173.5   228.2   247.4   422.1   504.6   558.9   603.7   664.3   742.7   839.5  1032.5  3893.8 10082.7  14933.2    15000
read      475.6   292.9   160.7   223.6   241.6   422.0   511.9   574.8   628.9   700.9   788.7   907.4  1161.9  3601.1  9260.7  19972.4    20000
read      501.2   413.1   160.7   222.7   238.0   403.6   507.6   593.4   690.7   809.5   937.5  1126.5  1368.2  3860.3 14123.2  25063.6    25000
read      508.9   400.1   160.7   220.9   235.8   392.9   506.6   596.6   696.0   831.8   993.5  1210.0  1487.6  3848.6 13569.6  30203.4    30000
read      503.4   350.9   160.7   221.3   237.7   402.0   520.2   623.3   713.3   812.2   921.8  1117.5  1430.5  2574.4 12001.6  34932.6    35000
read      489.3   362.5   160.7   220.1   234.6   386.1   502.5   598.8   688.3   785.7   899.5  1093.1  1442.5  2030.0 13659.9  39918.4    40000
read      482.1   372.4   160.7   218.2   231.2   367.8   484.4   563.8   643.9   756.3   895.1  1153.2  1574.0  3629.9 10489.8  45113.4    45000
read      473.5   322.7   160.7   220.4   235.4   374.5   486.4   572.4   652.6   748.6   858.0  1040.2  1401.6  2126.3  9935.3  49855.4    50000
read      471.3   356.6   160.7   218.9   233.5   367.9   472.0   551.4   632.7   733.6   855.8  1065.2  1479.2  2804.4 12210.1  54978.8    55000
read      472.2   360.7   160.7   221.1   236.5   366.1   468.9   545.6   622.8   728.2   862.3  1081.0  1538.6  2406.5 11969.4  59828.4    60000
read      462.0   383.6   160.7   219.1   233.6   360.5   458.7   528.3   591.7   692.0   833.3  1063.2  1524.8  2478.0 12504.5  64879.4    65000
read      479.4   374.0   160.7   223.8   240.3   368.3   466.2   539.5   609.9   714.0   874.2  1143.5  1644.8  2635.5 12313.3  70151.8    70000
read      670.7   646.6   160.7   242.6   270.1   446.0   627.4   802.5   966.6  1112.9  1342.8  1850.3  2574.9  4852.6 20145.7  74456.0    75000
read      827.0   916.2   160.7   287.7   322.3   484.6   861.3  1157.6  1380.1  1537.8  1678.4  1867.8  2934.3  8735.6 31926.1  78302.4    80000
read      851.0  1004.2   173.5   306.7   337.7   457.0   823.1  1380.8  1521.6  1622.7  1728.5  1877.9  2838.7 12687.8 32117.8  77882.4    85000
read      856.0  1034.2   173.5   301.7   335.4   465.2   844.6  1347.0  1512.7  1619.9  1728.2  1894.3  2880.5 12555.3 35948.1  77470.2    90000
read      823.8   974.6   173.5   300.5   327.2   434.3   746.9  1330.7  1497.4  1601.9  1709.3  1865.0  2840.2 11037.4 32038.6  80593.5    95000
read      829.8  1035.2   173.5   300.8   329.0   439.7   757.9  1322.5  1488.1  1596.8  1704.7  1860.8  2791.8 12806.6 32006.9  80195.0   100000
read      845.7  1039.4   160.7   301.8   330.6   447.8   760.9  1373.5  1516.1  1618.5  1728.0  1886.0  2881.0 12586.3 32147.7  78628.2   105000
read      842.3  1022.6   173.5   302.1   330.4   453.7   825.1  1348.3  1505.3  1609.1  1716.9  1869.5  2829.1 12479.0 35685.5  78853.2   110000
read      836.6   965.0   160.7   306.4   333.1   445.1   764.3  1364.4  1508.5  1612.8  1719.2  1874.5  2816.1 11890.4 31916.3  79178.2   115000
read      826.0   936.6   160.7   300.7   328.1   436.6   759.0  1371.6  1509.6  1611.8  1713.6  1865.9  2769.5 12228.6 31205.3  80175.6   120000
read      843.3  1084.7   160.7   300.1   328.2   444.7   775.0  1365.3  1508.8  1611.6  1721.3  1882.7  2839.6 13200.0 36216.4  79169.2   125000
Warning! Detected max cpu usage > 95%
CPU Usage Stats (avg/min/max): 70.61%,3.54%,100.00%
----- End Round 2 -----
----- Start Round 3 -----
#type       avg     std     min      p5     p10     p50     p67     p75     p80     p85     p90     p95     p99    p999   p9999     QPS   target
read      411.3   374.2   173.5   257.5   285.9   387.8   423.0   442.2   457.3   472.7   498.5   537.6   686.7  5699.4 15376.4   4966.6     5000
read      458.9   451.1   173.5   240.7   264.9   430.5   492.9   526.6   549.3   580.0   622.1   694.1   853.6  5447.2 27905.3   9943.6    10000
read      481.5   360.8   173.5   229.9   250.2   433.0   513.1   564.7   606.3   678.9   783.7   891.2  1091.2  4509.8 15745.9  14960.6    15000
read      495.9   348.4   173.5   225.7   243.3   428.6   523.7   593.5   669.5   773.4   871.8   991.9  1225.0  3591.6 12595.4  20027.6    20000
read      517.5   426.5   173.5   226.5   243.5   428.3   534.7   613.2   705.4   837.0   955.1  1117.5  1373.7  3775.0 15194.0  24929.8    25000
read      530.5   380.1   160.7   229.2   247.9   440.0   558.9   647.6   738.5   839.5   953.6  1163.7  1456.8  2300.3 14698.4  29971.4    30000
read      505.3   383.0   160.7   222.6   239.1   410.2   534.2   624.4   713.7   808.1   916.4  1089.3  1379.7  2278.7 15287.9  35041.0    35000
read      495.0   350.0   160.7   221.1   236.0   389.7   509.7   587.6   665.0   778.0   914.4  1144.6  1566.2  2513.8 10064.1  39989.4    40000
read      486.4   362.1   160.7   220.4   234.7   373.0   491.5   570.9   651.7   782.2   934.8  1142.9  1491.2  2062.7 11237.7  44885.5    45000
read      471.7   320.3   160.7   220.1   234.2   367.4   480.0   562.7   642.9   758.3   881.0  1066.9  1404.7  1995.8  9758.2  49727.0    50000
read      475.1   353.5   160.7   219.2   232.9   358.8   471.0   547.8   622.9   747.4   912.6  1144.9  1558.1  2133.5 11406.6  54989.4    55000
read      473.0   375.2   160.7   219.4   233.9   359.9   467.0   541.1   608.5   719.9   886.6  1135.5  1578.6  2229.9 13544.1  59919.0    60000
read      477.9   357.2   160.7   219.8   235.0   363.9   470.5   547.6   617.6   732.0   898.1  1151.5  1623.7  2306.3 10748.9  65163.0    65000
read      484.2   393.0   160.7   221.8   238.0   363.6   460.5   535.0   607.2   729.1   928.0  1194.7  1712.6  3480.9 10452.0  70059.0    70000
read      675.7   664.9   160.7   238.2   263.5   452.2   645.7   827.9   985.2  1116.6  1326.3  1854.7  2582.5  5684.7 19952.8  74583.2    75000
read      775.5   874.2   160.7   259.0   289.1   461.9   704.7  1024.6  1257.4  1495.2  1678.9  1932.6  2852.8  8205.3 31329.2  76737.8    80000
read      845.2  1007.9   173.5   292.4   322.7   458.1   813.2  1366.0  1513.2  1616.1  1728.8  1884.8  2804.6 12865.4 31728.1  78401.8    85000
read      829.3  1068.3   173.5   298.3   325.0   435.3   715.3  1345.3  1499.8  1602.6  1709.2  1861.4  2808.1 13738.6 32484.3  80419.0    90000
read      857.5  1208.6   160.7   302.6   333.8   441.0   657.5  1372.2  1521.9  1625.0  1732.9  1895.7  3265.5 12989.1 35302.4  78363.4    95000
read      868.6  1005.4   160.7   301.9   336.3   464.1   825.6  1433.8  1554.6  1654.4  1758.8  1922.0  2900.9 12226.2 32136.8  76401.0   100000
read      830.4   998.4   173.5   298.1   326.3   442.9   771.3  1332.8  1500.2  1605.3  1713.5  1869.2  2826.7 12591.8 31750.8  79883.8   105000
read      847.8  1008.6   173.5   301.6   331.9   452.6   787.3  1393.8  1523.7  1626.2  1731.3  1885.4  2825.0 11621.5 32132.2  78411.0   110000
read      842.7  1085.4   173.5   302.8   331.6   441.9   735.2  1376.3  1520.9  1618.7  1718.1  1870.0  2806.7 13242.7 35171.5  79065.0   115000
read      802.8  1008.5   160.7   288.0   313.0   423.2   679.9  1291.0  1464.6  1575.5  1685.2  1840.3  2756.1 12123.3 32084.4  82778.8   120000
read      838.1  1081.0   160.7   302.7   332.3   439.2   710.6  1374.6  1514.5  1615.1  1716.0  1865.5  2795.7 12888.3 35420.4  79602.8   125000
Warning! Detected max cpu usage > 95%
CPU Usage Stats (avg/min/max): 77.12%,16.00%,100.00%
----- End Round 3 -----
