Random waveform, supplied seed
Total number of intervals = 92 (7434, 67201, 85927, 63953, 31595, 87879, 7287, 62295, 6561, 22532, 60653, 59076, 60154, 22964, 8172, 27652, 37594, 24367, 33771, 84944, 85666, 51918, 34406, 28664, 38289, 20658, 13840, 93419, 98284, 71313, 42089, 46458, 30755, 42889, 93552, 65694, 29574, 51355, 67361, 16287, 81508, 87619, 99068, 51267, 11822, 97494, 97350, 55460, 85984, 82043, 52873, 13911, 49984, 9274, 27187, 18735, 86505, 93039, 75999, 32324, 84255, 81759, 37291, 53818, 30297, 31569, 38927, 10652, 98119, 48176, 34929, 69735, 20753, 84642, 42333, 61587, 77998, 97625, 23781, 66723, 31016, 47394, 95335, 5252, 65908, 16889, 42912, 99898, 26385, 22616, 50605, 90283)
Average QPS expected = 51993
Timestamp start: 1684533541770
Timestamp end: 1684534462321

#type       avg     std     min      p5     p10     p50     p67     p75     p80     p85     p90     p95     p99    p999   p9999      QPS   target
read      564.5  1323.8   173.5   251.9   277.7   428.1   494.9   529.5   553.4   584.0   626.9   728.8  4138.2 28096.2 37251.0   7438.5     7434
read      392.0   461.3   160.7   216.8   229.3   326.4   392.3   438.3   478.4   529.6   591.4   675.0  1077.7  5971.3 18552.3  67117.8    67201
read      366.9   351.4   160.7   215.9   228.4   319.1   375.4   411.4   441.7   480.8   532.3   609.9   816.3  5001.2 10735.7  85760.3    85927
read      393.7   513.0   160.7   216.6   229.1   326.4   392.0   440.5   483.5   535.9   596.7   673.9   950.2  6560.3 18962.2  64087.3    63953
read      573.2  1025.0   160.7   221.0   237.1   432.0   566.4   638.8   692.7   757.1   841.8   993.9  3414.4 11857.5 32383.7  31593.1    31595
read      383.9   494.6   160.7   217.9   230.5   325.2   382.1   419.0   449.9   488.8   541.0   623.8  1063.3  6395.6 22291.5  87911.9    87879
read      554.8  1386.9   173.5   244.9   268.5   421.0   486.9   518.4   540.8   569.0   605.3   675.6  4803.9 30255.1 37005.6   7286.1     7287
read      380.7   378.0   160.7   212.2   224.8   319.3   385.2   432.8   475.0   526.9   585.6   663.2  1023.3  4454.4 12769.1  62226.5    62295
read      673.4  1888.7   173.5   262.8   289.4   454.5   531.0   572.2   601.5   635.9   684.5   775.0  7602.1 30960.7 39301.1   6550.3     6561
read      442.7   341.6   173.5   229.1   246.7   395.8   511.1   559.1   588.5   620.3   656.6   708.7   864.0  4397.9 10299.1  22494.4    22532
read      376.6   227.1   160.7   217.3   229.6   328.1   396.5   447.2   490.0   540.6   597.0   667.3   800.2  1850.4  7757.0  60775.2    60653
read      378.8   302.6   160.7   213.9   226.4   321.4   389.7   440.3   486.4   540.0   598.8   669.5   845.7  3514.1 10672.9  59081.1    59076
read      389.5   474.9   160.7   215.6   228.2   323.8   392.2   442.6   487.4   540.5   598.5   671.2   884.1  5042.6 22050.1  60208.3    60154
read      501.8   644.2   160.7   220.6   238.1   418.6   541.9   606.6   646.8   689.1   738.5   811.6  1637.0  8339.2 29582.5  22909.7    22964
read      495.2   937.4   173.5   241.4   264.5   419.7   485.2   517.2   538.9   564.4   594.2   655.6  2169.1 12579.2 35004.5   8187.0     8172
read      448.9   378.0   160.7   229.4   247.1   392.3   512.3   568.2   602.3   637.1   677.5   735.5   917.7  4663.4 16633.3  27653.0    27652
read      419.7   260.5   160.7   223.3   238.4   358.7   465.2   539.9   584.4   628.2   674.5   734.0   856.3  2618.4  9286.9  37525.9    37594
read      440.8   353.5   173.5   228.0   244.4   385.2   518.0   569.5   600.1   630.8   667.6   719.5   843.4  4092.0 13441.8  24418.6    24367
read      422.4   283.3   160.7   224.7   240.0   361.1   478.6   547.3   586.9   626.1   668.9   725.5   846.0  2388.7  9460.8  33698.1    33771
read      363.2   250.1   160.7   220.1   232.7   323.2   380.7   417.2   447.5   485.5   536.5   613.5   767.8  2541.7  9386.5  84978.8    84944
read      366.9   326.9   160.7   220.0   232.4   322.2   378.9   415.2   445.6   484.1   535.1   610.7   786.3  4006.7 10079.2  85637.9    85666
read      402.4   379.9   160.7   220.4   233.5   337.7   414.9   478.6   528.9   582.6   637.3   703.7   868.0  4578.3 13221.7  51968.0    51918
read      425.9   394.1   160.7   221.5   235.7   353.3   473.0   544.7   584.9   624.2   667.5   727.3   935.1  4360.7 16151.8  34491.3    34406
read      477.4   568.1   160.7   224.0   240.3   400.8   537.1   595.7   632.9   675.6   731.5   830.4  1122.6  5508.5 30535.2  28593.0    28664
read      421.7   395.3   160.7   220.0   232.9   346.9   457.8   533.1   577.9   621.9   668.0   729.6   951.0  4526.3 16741.2  38276.3    38289
read      475.4   475.6   173.5   225.5   242.6   425.1   542.5   590.1   622.9   661.3   711.9   791.2  1018.6  5517.0 20922.6  20739.7    20658
read      480.0   489.5   173.5   232.1   251.3   448.0   534.3   574.2   601.7   632.7   674.2   738.1  1007.1  5537.3 19527.8  13825.3    13840
read      369.0   353.5   160.7   219.6   232.2   324.9   380.3   415.1   443.5   479.0   527.7   602.2   811.7  4264.7 12047.8  93423.4    93419
read      361.6   282.0   160.7   219.7   232.4   324.1   377.5   410.7   437.7   471.1   516.7   587.2   754.9  3680.0  9605.7  98308.1    98284
read      377.9   336.5   160.7   218.6   230.4   326.0   390.2   433.5   470.4   517.5   576.0   653.7   833.2  3911.0 11995.2  71282.0    71313
read      421.7   454.9   160.7   219.6   232.6   343.9   440.2   517.1   565.0   611.7   660.2   726.7  1090.4  5028.3 13622.3  41948.9    42089
read      418.4   345.7   160.7   221.5   235.9   353.1   446.8   514.9   562.3   612.3   666.0   738.0   936.0  4091.4 12566.7  46554.4    46458
read      450.0   507.1   160.7   220.2   234.4   370.8   497.4   559.7   598.1   637.4   685.6   767.2  1140.8  6033.5 19048.7  30765.6    30755
read      414.1   460.8   160.7   217.4   230.1   340.6   430.0   500.2   547.7   596.0   645.2   714.7   985.8  5345.8 17180.5  42902.0    42889
read      371.9   357.8   160.7   218.8   231.4   327.7   384.7   420.7   449.6   485.0   532.9   607.8   830.0  4297.8 12500.6  93490.8    93552
read      382.3   303.4   160.7   217.4   229.7   328.0   395.7   444.1   485.1   534.3   593.0   671.2   854.9  3921.1 11346.6  65741.2    65694
read      537.8   834.8   160.7   220.5   236.9   432.7   556.9   626.7   678.9   740.2   814.0   941.7  2102.8 10210.1 31891.8  29588.1    29574
read      403.6   389.2   160.7   216.1   229.0   335.4   413.5   475.4   523.9   576.5   633.0   708.2  1066.0  4645.4 12593.0  51509.4    51355
read      385.2   401.2   160.7   217.4   229.7   327.8   393.3   438.3   478.0   526.8   586.0   663.2   862.8  4621.7 12889.2  67249.7    67361
read      549.4  1036.6   160.7   226.6   245.5   441.2   556.0   609.9   644.7   681.5   727.6   800.4  3798.0 12870.2 36077.8  16290.9    16287
read      380.7   423.1   160.7   217.6   230.0   325.2   384.4   423.2   455.7   496.7   550.8   636.1  1110.3  4911.8 14133.7  81503.7    81508
read      365.2   337.3   160.7   216.4   228.7   320.2   375.9   411.1   440.1   477.5   528.3   604.8   797.9  4143.8 10822.9  87648.8    87619
read      366.2   417.0   160.7   218.7   231.2   324.1   377.0   409.3   435.5   468.1   511.8   584.3   798.5  4272.8 16867.5  99068.3    99068
read      391.0   344.2   160.7   215.2   227.9   328.8   401.8   462.6   511.1   563.6   617.9   682.3   871.5  3950.2 10459.0  51232.5    51267
read      527.5  1013.3   173.5   230.2   250.2   439.4   528.6   570.0   597.0   628.1   667.6   735.3  3120.4 12641.2 39175.6  11774.9    11822
read      380.9   497.8   160.7   218.7   231.4   328.5   383.7   417.6   444.8   479.4   527.5   605.7  1052.8  5928.5 25026.6  97556.1    97494
read      369.9   329.8   160.7   220.1   233.6   328.5   382.9   417.5   445.3   479.3   525.3   594.8   802.4  4249.6 12964.7  97147.7    97350
read      396.6   425.9   160.7   217.9   230.3   334.1   405.7   461.6   505.8   557.9   615.0   685.5   882.3  4722.8 17372.4  55363.6    55460
read      363.5   342.5   160.7   216.3   228.6   319.4   374.2   408.5   437.0   473.2   523.1   596.3   772.2  4898.2 11856.2  86021.0    85984
read      369.8   383.1   160.7   216.7   229.0   321.9   379.6   416.5   447.4   486.1   538.2   614.6   795.9  4524.4 15558.1  82090.6    82043
read      394.1   343.7   160.7   217.1   229.7   334.5   406.3   464.8   511.3   563.9   620.0   686.9   875.1  4024.6 10986.6  52958.1    52873
read      537.8  1083.0   160.7   228.1   247.4   439.0   541.4   587.9   617.9   650.1   690.1   758.2  3392.8 13445.8 37061.3  13981.9    13911
read      404.3   407.2   160.7   216.5   229.4   335.8   413.8   476.5   526.7   580.1   634.1   707.7  1094.3  4916.6 11363.7  50082.1    49984
read      534.0  1141.1   173.5   239.3   261.2   437.7   514.6   549.1   574.5   602.2   636.8   698.8  3148.6 16231.8 36078.1   9257.4     9274
read      536.0   777.3   160.7   221.6   239.3   440.9   564.2   633.0   681.7   734.3   798.0   910.4  2061.8  9781.3 31561.3  27191.6    27187
read      545.4  1004.6   160.7   225.3   244.8   438.0   560.0   620.6   658.4   697.5   743.4   819.2  3164.0 14042.6 34484.8  18739.5    18735
read      385.4   446.3   160.7   218.8   231.4   330.4   390.5   429.3   460.8   500.3   552.6   634.3  1011.6  5235.7 18415.1  86600.4    86505
read      366.2   360.9   160.7   217.2   229.6   322.3   376.8   410.5   437.7   471.8   519.2   592.2   799.1  4775.0 12362.1  92994.6    93039
read      370.0   350.2   160.7   215.8   228.2   321.0   380.5   419.8   453.2   495.3   549.5   627.7   803.1  4341.3 11660.2  76145.9    75999
read      522.6   753.2   160.7   220.0   235.6   422.6   552.1   621.9   673.1   735.7   812.7   937.5  1684.2  9245.0 31684.7  32331.8    32324
read      376.0   448.1   160.7   215.5   227.9   320.3   377.5   413.7   444.3   483.5   536.6   619.3  1219.7  5097.9 21591.5  84303.3    84255
read      377.3   397.6   160.7   215.8   228.2   321.7   380.0   418.0   450.4   492.4   547.9   634.2  1126.6  4607.9 12784.9  81779.3    81759
read      407.9   381.2   160.7   215.6   228.6   338.8   435.0   505.9   548.6   590.2   634.0   692.2   914.8  4631.9 12455.3  37331.9    37291
read      398.9   395.2   160.7   218.0   230.4   336.1   410.5   467.8   514.6   566.7   623.1   691.3   892.3  4984.7 12708.4  53754.8    53818
read      536.0   718.9   160.7   221.2   237.7   440.5   570.3   641.8   697.2   759.9   840.4   976.7  1680.6  8482.0 31147.3  30288.4    30297
read      540.8   794.6   160.7   220.4   236.6   436.8   570.1   643.5   699.7   763.1   841.1   970.5  1845.3  9183.0 31983.4  31590.8    31569
read      430.5   474.7   160.7   218.9   232.0   349.7   457.5   530.7   575.6   620.7   671.2   744.0  1168.7  5266.2 20528.9  38959.6    38927
read      542.9  1009.2   160.7   234.1   254.9   453.9   541.5   582.7   610.8   640.4   682.4   759.3  3539.4 12869.9 32473.9  10605.6    10652
read      373.6   409.5   160.7   218.9   231.5   327.3   382.3   416.8   444.7   479.2   526.2   599.7   843.9  5102.6 14256.9  98172.6    98119
read      415.4   500.0   160.7   217.0   229.6   337.7   421.4   489.8   539.5   591.6   644.7   717.1   998.0  7637.7 20032.1  48137.7    48176
read      420.0   371.5   173.5   218.7   231.4   347.1   461.7   533.1   574.3   615.5   660.6   722.5   942.6  4188.1 12717.0  34948.1    34929
read      377.3   384.0   160.7   215.5   227.8   321.2   384.6   428.3   466.3   515.0   576.2   651.6   852.1  4715.0 12629.4  69667.1    69735
read      553.8  1021.4   160.7   223.1   241.7   439.4   565.1   628.0   670.5   717.0   774.3   873.2  3089.1 12319.2 36709.4  20716.7    20753
read      378.2   446.7   160.7   216.9   229.4   323.2   381.3   418.3   449.2   488.6   542.1   625.4  1016.0  5350.9 16658.9  84715.2    84642
read      409.4   390.9   160.7   216.3   229.3   340.7   432.6   502.2   548.3   594.8   643.7   712.8   939.1  4540.8 15208.1  42287.7    42333
read      386.8   434.9   160.7   214.8   227.4   324.3   391.5   441.5   486.0   538.8   598.6   675.1   899.7  4709.1 20339.1  61619.4    61587
read      365.9   327.5   160.7   214.4   226.8   316.4   375.2   414.3   447.9   491.2   547.5   627.6   817.4  4229.6 11844.1  77908.8    77998
read      371.8   356.2   160.7   219.7   233.0   330.2   386.1   421.3   449.2   483.7   530.8   604.4   821.3  4002.6 15146.5  97594.4    97625
read      558.5   944.5   173.5   223.0   241.5   445.2   571.6   640.2   687.6   740.0   804.1   934.6  2813.6 11290.1 35158.0  23841.2    23781
read      393.5   371.4   160.7   218.0   230.3   331.5   399.7   449.1   489.5   538.6   599.2   682.7  1096.4  4710.9 12334.3  66667.1    66723
read      539.3   745.8   160.7   221.8   238.4   439.9   569.5   641.8   697.7   762.4   845.6   986.8  1832.7  8042.0 32031.7  30995.5    31016
read      408.6   428.1   160.7   215.6   228.5   334.5   417.5   485.6   536.2   587.7   641.2   715.9  1089.3  5250.8 14972.6  47408.1    47394
read      359.9   326.5   160.7   216.1   228.6   318.9   372.3   404.7   432.8   467.0   513.2   587.4   779.1  3979.2 12300.7  95217.8    95335
read      540.3  1346.1   173.5   257.7   281.8   407.1   468.4   498.9   520.4   544.9   581.8   652.0  3865.8 26345.5 40519.0   5298.0     5252
read      393.4   474.3   160.7   216.3   228.6   325.8   392.4   440.7   482.9   535.2   597.1   679.7  1129.8  5589.3 20544.3  65851.9    65908
read      541.7   952.9   173.5   226.6   245.9   443.9   562.1   618.0   654.4   693.7   743.4   833.4  2885.8 13938.0 36485.0  16910.7    16889
read      413.7   411.5   160.7   215.9   228.8   339.2   431.0   503.0   550.6   598.1   648.8   722.6  1085.7  4984.0 13964.0  42919.9    42912
read      336.8   190.3   160.7   213.7   226.1   307.0   354.8   384.5   407.3   439.9   484.2   549.9   680.1  1100.5  7341.1  99893.1    99898
read      419.2   263.6   160.7   223.0   238.8   371.0   490.3   541.7   572.3   603.7   637.9   688.3   804.4  2425.1 10340.6  26358.8    26385
read      427.2   306.5   160.7   225.7   242.2   386.1   497.8   542.5   569.9   598.1   632.6   683.5   807.8  3669.7 13371.5  22590.0    22616
read      385.3   212.5   160.7   217.5   230.4   335.3   409.6   469.4   516.4   565.4   616.6   679.5   799.3  1440.7  8310.9  50571.0    50605
read      345.9   223.5   160.7   213.9   226.5   310.6   363.2   396.0   423.8   459.9   507.7   580.1   713.3  1686.4  7889.9  90469.4    90283

Total QPS = 51995.1 (47835524 / 920.0s)

Total connections = 64
Misses = 0 (0.0%)
Skipped TXs = 0 (0.0%)

RX 11815374181 bytes :   12.2 MB/s
TX          0 bytes :    0.0 MB/s
Warning! Detected max cpu usage > 95%
CPU Usage Stats (avg/min/max): 99.97%,40.00%,100.00%