----- Start Round 1 -----
#type       avg     std     min      p5     p10     p50     p67     p75     p80     p85     p90     p95     p99    p999   p9999     QPS   target
read     1236.2  1283.8   148.8   246.5   280.5   529.3  1923.2  2008.9  2081.3  2174.3  2778.7  3483.1  4039.0 12608.6 29313.6  30059.4    30000
read     1116.1  1277.1   160.7   251.4   284.5   508.1  1752.7  1961.9  2029.9  2124.8  2300.5  3208.2  4658.8 15182.9 30039.1  34884.8    35000
read     1004.4  1199.5   160.7   253.9   287.9   507.6   671.4  1854.3  1964.1  2056.2  2176.1  2826.3  4852.8 12528.1 29558.0  39992.9    40000
read      921.2  1150.5   160.7   264.2   301.5   531.2   656.3   787.7  1097.4  1975.7  2115.9  2375.0  4775.8 12591.9 28130.5  44896.0    45000
read     1558.5  2251.3   187.4   466.4   509.7   680.1  1048.4  1169.9  1270.4  4154.0  4712.9  5332.2  7963.7 30733.0 37645.3  44282.8    50000
read     1510.6  2210.7   173.5   446.5   484.8   667.1  1000.8  1135.5  1239.9  4095.6  4687.3  5204.0  7792.2 31227.1 38830.4  45643.0    55000
read     1565.9  2184.8   187.4   475.4   514.8   687.6  1062.5  1192.5  1301.8  4390.3  4732.5  5264.8  7909.6 30911.2 36530.1  44020.2    60000
read     1566.7  2226.3   160.7   475.0   513.5   686.2  1053.4  1184.1  1283.5  4406.6  4711.6  5272.6  7963.0 30689.6 38990.8  44186.4    65000
read     1653.2  2298.3   187.4   508.2   549.4   722.8  1135.8  1255.3  1372.9  4453.0  4748.9  5375.5  8105.4 30692.4 37338.2  42091.8    70000
read     1631.0  2259.5   202.4   498.0   540.5   719.5  1115.7  1244.7  1368.3  4454.1  4741.2  5337.6  7960.4 30982.8 37719.8  42471.2    75000
read     1539.0  2226.7   173.5   468.8   505.5   667.2  1035.3  1158.2  1257.0  4178.5  4715.6  5255.1  7967.6 30945.1 40397.4  45024.8    80000
read     1537.7  2133.4   187.4   468.4   506.4   673.3  1046.1  1169.1  1272.7  4397.9  4698.2  5187.2  7835.0 30381.9 37774.4  44722.4    85000
read     1559.9  2185.9   173.5   478.4   515.6   676.2  1064.6  1173.7  1268.3  4397.6  4725.4  5266.5  7982.4 30515.3 37287.4  44319.4    90000
read     1610.2  2289.6   187.4   493.0   531.6   692.0  1105.8  1217.6  1321.9  4418.9  4769.4  5388.5  8041.1 31202.9 39443.6  43086.4    95000
read     1618.1  2292.5   173.5   491.7   533.5   706.4  1104.9  1229.0  1351.7  4433.8  4740.9  5295.0  8036.8 31238.3 42003.1  42962.8   100000
read     1511.3  2215.1   173.5   449.8   488.6   651.6  1007.4  1125.2  1211.9  4152.6  4678.9  5199.9  7899.2 30203.0 38315.2  46002.0   105000
read     1528.5  2249.2   202.4   452.8   492.2   661.4  1020.8  1142.0  1240.4  4273.3  4693.5  5212.1  7894.6 31085.4 39068.8  45522.0   110000
Warning! Detected max cpu usage > 95%
CPU Usage Stats (avg/min/max): 89.95%,66.83%,100.00%
----- End Round 1 -----
----- Start Round 2 -----
#type       avg     std     min      p5     p10     p50     p67     p75     p80     p85     p90     p95     p99    p999   p9999     QPS   target
read     1398.5  2252.1   160.7   254.6   290.3   504.1   674.0  2232.2  3473.8  3598.7  3711.2  3899.9  5301.3 32070.7 40824.0  30036.0    30000
read     1418.1  2986.0   160.7   257.9   293.8   521.7   668.5   825.9  3241.8  3573.8  3697.1  4000.4  5942.0 36655.1 52563.4  34929.8    35000
read     1369.5  3150.5   160.7   252.7   285.7   489.2   613.5   714.7  1005.5  3552.7  3689.9  4513.2  5980.5 36810.4 51629.0  39867.0    40000
read     1232.2  2798.8   160.7   263.4   299.0   506.5   632.3   729.0   835.9  3433.7  3650.1  3994.5  5708.8 36088.8 41271.6  44900.2    45000
read     1229.7  2701.1   160.7   279.1   320.0   524.1   663.6   793.7   902.3  1124.0  3695.9  4499.1  6875.2 35744.4 45305.4  49852.0    50000
read     1569.0  3137.1   187.4   421.8   452.8   622.4   914.4  1003.2  1074.4  3890.4  4679.8  5128.3  8501.9 35583.6 51922.0  48995.2    55000
read     1479.3  3064.8   173.5   353.1   391.9   610.0   755.7   958.0  1064.7  1331.9  4585.1  5157.9  8365.2 36186.4 43773.6  52059.9    60000
read     1616.6  3138.1   202.4   436.3   470.9   638.5   958.8  1056.8  1134.1  4120.5  4708.3  5164.2  8608.0 36805.6 50249.2  47564.3    65000
read     1561.6  3058.0   173.5   407.9   451.2   628.7   918.1  1034.3  1102.0  3942.7  4674.3  5126.4  8406.3 36875.9 49232.7  48935.2    70000
read     1618.0  3175.2   218.6   440.5   472.2   631.8   955.2  1045.7  1114.1  4114.8  4710.5  5184.6  8672.8 36968.6 46324.7  47790.4    75000
read     1591.3  3052.3   187.4   438.9   468.3   623.3   952.9  1043.8  1109.6  4071.9  4707.8  5151.1  8613.3 36385.3 43568.2  48121.2    80000
read     1589.4  3137.9   202.4   426.4   459.9   624.3   930.2  1034.6  1099.1  3939.4  4702.5  5239.0  8586.5 36664.7 43281.4  48397.4    85000
read     1500.8  2969.0   173.5   366.3   412.8   621.9   824.8   984.1  1072.5  3813.6  4624.1  5058.0  8223.8 35598.7 43972.2  50870.0    90000
read     1532.0  3125.4   187.4   410.9   442.8   592.4   883.9   979.1  1045.6  3810.5  4658.1  5096.6  8528.2 36371.0 48671.7  50452.8    95000
read     1410.1  2940.6   173.5   330.1   369.6   588.7   728.5   903.7   995.2  1167.3  4535.7  5035.1  8115.6 35674.3 40866.0  54227.0   100000
read     1480.5  2924.0   173.5   363.8   411.3   613.2   812.7   989.7  1072.4  3558.3  4610.8  5101.3  8193.0 36137.7 42752.8  51170.4   105000
read     1554.7  3086.5   173.5   424.4   453.9   603.7   915.3  1010.9  1079.4  3888.7  4674.1  5106.0  8437.5 35537.7 46911.6  49469.0   110000
Warning! Detected max cpu usage > 95%
CPU Usage Stats (avg/min/max): 90.07%,67.84%,100.00%
----- End Round 2 -----
----- Start Round 3 -----
#type       avg     std     min      p5     p10     p50     p67     p75     p80     p85     p90     p95     p99    p999   p9999     QPS   target
read     1363.4  2191.2   160.7   251.4   286.0   498.8   656.6  2181.1  3376.7  3567.6  3683.9  3850.6  4356.6 31499.0 37944.7  29966.8    30000
read     1400.5  2866.6   160.7   256.6   293.3   515.5   656.4   819.6  3133.9  3562.8  3689.1  3968.7  5934.1 35705.3 42668.1  34752.0    35000
read     1374.0  3181.0   160.7   257.9   292.7   504.5   633.9   735.9   917.0  3534.8  3677.6  4705.2  7785.2 36523.2 51955.3  40003.6    40000
read     1235.5  2845.9   160.7   259.4   294.3   496.2   622.2   716.9   812.0  3372.1  3645.5  4046.1  5821.4 35462.1 41378.7  45015.6    45000
read     1568.8  3130.0   173.5   430.4   457.8   618.2   928.9  1013.0  1079.7  3810.4  4651.4  5126.7  8556.3 36749.0 49611.9  48370.0    50000
read     1528.3  3065.1   173.5   375.4   430.8   611.0   868.0  1004.2  1080.9  3816.3  4639.9  5112.8  8492.7 36788.6 43987.2  50227.0    55000
read     1544.3  3121.9   187.4   412.0   449.5   595.4   905.3  1004.8  1074.1  3887.6  4659.2  5098.1  8555.9 36760.1 52099.1  49987.6    60000
read     1543.7  3089.2   187.4   414.4   447.7   596.2   899.6  1000.1  1071.5  3870.0  4665.5  5107.8  8490.5 36487.5 46441.7  49893.9    65000
read     1565.8  3142.5   187.4   429.6   457.9   600.2   919.2  1010.6  1077.2  3953.3  4675.9  5105.4  8591.0 36324.2 49055.0  49401.6    70000
read     1550.0  3133.8   187.4   382.6   433.8   616.6   884.4  1015.3  1087.5  3831.8  4657.9  5135.9  8579.0 36584.3 43945.4  50036.9    75000
read     1598.2  3209.1   160.7   430.2   460.2   616.2   933.4  1023.1  1089.8  4059.2  4694.7  5092.6  8672.7 36577.4 48793.3  48964.2    80000
read     1535.1  3141.3   173.5   372.3   419.5   614.1   855.9  1006.0  1082.3  3702.4  4639.0  5159.2  8469.7 35977.2 48450.3  50463.0    85000
read     1583.2  3099.7   187.4   430.7   459.8   622.5   933.3  1018.0  1086.7  4037.7  4687.8  5109.4  8520.4 36409.4 42744.7  48589.2    90000
read     1620.4  3217.7   202.4   437.7   467.7   631.9   951.4  1041.2  1104.7  4081.1  4711.4  5152.3  8691.1 36534.0 46816.5  48042.4    95000
read     1435.2  2963.8   160.7   344.7   408.9   572.2   796.3   923.1   994.9  1203.5  4569.7  5063.4  8338.6 36135.8 47853.3  53426.1   100000
read     1541.2  3128.9   173.5   385.9   436.2   616.9   878.0   992.1  1070.2  3827.1  4646.1  5128.7  8504.6 36489.1 45978.7  50135.6   105000
read     1576.6  3186.4   187.4   418.4   449.8   627.1   910.5   997.5  1069.3  3947.8  4683.4  5122.3  8507.5 37092.5 50109.3  49153.0   110000
Warning! Detected max cpu usage > 95%
CPU Usage Stats (avg/min/max): 90.26%,71.00%,100.00%
----- End Round 3 -----
----- Start Round 4 -----
#type       avg     std     min      p5     p10     p50     p67     p75     p80     p85     p90     p95     p99    p999   p9999     QPS   target
read     1379.5  2225.3   160.7   252.9   288.8   510.2   674.0  2172.7  3364.2  3557.6  3682.8  3864.0  5161.7 31288.8 43272.4  29958.2    30000
read     1418.2  2932.8   148.8   257.7   292.6   512.0   663.4   861.2  3273.4  3563.3  3697.2  3987.2  5939.1 36869.9 49882.6  34855.4    35000
read     1387.7  3217.3   160.7   257.1   292.2   504.1   627.8   732.8   924.7  3535.6  3679.2  4755.2  9786.3 36382.9 47807.8  39890.4    40000
read     1220.0  2782.1   160.7   261.6   297.3   500.3   628.9   724.3   817.2  3331.4  3633.1  3978.1  5654.5 35934.4 41987.3  45039.7    45000
read     1166.0  2635.2   160.7   277.5   315.0   517.8   646.2   738.7   818.7   997.3  3614.2  4068.4  6420.8 35345.1 42544.4  49919.6    50000
read     1618.9  3221.6   202.4   440.1   469.7   629.0   948.5  1039.3  1101.0  4029.9  4710.5  5241.5  8668.8 36604.7 45639.0  47862.6    55000
read     1516.0  3042.3   173.5   379.0   425.3   609.4   868.5   993.4  1069.8  3829.9  4637.1  5072.8  8337.8 35907.7 48578.6  50562.6    60000
read     1561.4  3125.7   160.7   390.4   444.5   620.6   898.9  1022.7  1091.7  3834.9  4661.0  5218.5  8589.1 36541.5 46189.7  49420.8    65000
read     1609.6  3173.5   202.4   439.5   471.1   631.1   949.7  1037.8  1097.0  4070.8  4704.0  5177.6  8617.1 35958.2 45759.9  48024.0    70000
read     1650.8  3244.9   160.7   448.9   479.1   639.6   976.4  1064.2  1138.3  4168.1  4731.2  5250.0  8698.0 36426.6 43980.6  47109.5    75000
read     1549.3  3100.3   187.4   417.4   448.8   592.5   902.7   997.1  1066.8  3914.7  4674.3  5095.0  8599.5 35444.2 43535.9  50005.4    80000
read     1475.2  2967.7   173.5   356.9   403.9   606.2   807.4   968.5  1051.0  3581.1  4611.2  5090.1  8267.3 35803.4 53068.4  51655.6    85000
read     1585.8  3166.8   202.4   435.9   462.9   614.5   932.1  1018.1  1087.3  3982.1  4700.9  5117.4  8552.8 36040.7 50137.8  48795.8    90000
read     1558.4  3071.2   173.5   399.6   450.3   618.3   911.7  1034.3  1103.2  3944.8  4658.8  5105.3  8524.8 33900.8 42797.2  49286.2    95000
read     1579.3  3151.1   187.4   437.3   463.6   609.8   932.7  1019.4  1083.5  3919.5  4695.8  5172.6  8620.8 36450.8 46037.9  48946.0   100000
read     1622.5  3132.2   218.6   448.8   478.3   629.7   970.3  1061.5  1138.9  4159.6  4723.0  5169.5  8648.4 36867.5 45408.1  47450.6   105000
read     1530.8  3079.6   173.5   387.8   443.0   596.3   894.4  1009.8  1079.3  3901.0  4641.1  5065.7  8508.5 36325.6 47930.9  50438.0   110000
Warning! Detected max cpu usage > 95%
CPU Usage Stats (avg/min/max): 90.24%,59.80%,100.00%
----- End Round 4 -----
----- Start Round 5 -----
#type       avg     std     min      p5     p10     p50     p67     p75     p80     p85     p90     p95     p99    p999   p9999     QPS   target
read     1406.8  2140.7   148.8   253.0   287.5   497.9   676.2  2390.6  3423.0  3586.2  3716.8  3918.6  5197.7 31054.6 39688.7  29832.2    30000
read     1404.3  2787.1   148.8   255.0   288.6   500.1   642.9   871.8  3289.6  3552.8  3704.4  3994.9  5918.3 35376.1 41081.7  35055.8    35000
read     1380.2  3188.0   160.7   261.2   298.6   516.2   655.9   763.7   922.3  3501.4  3660.2  4605.6 10199.8 36489.5 44112.9  40156.4    40000
read     1215.3  2779.5   148.8   263.8   299.5   508.5   641.2   742.7   840.6  3288.3  3612.5  3910.8  5515.3 36173.6 48440.7  44930.2    45000
read     1515.3  3071.4   187.4   404.8   435.7   615.0   869.5   959.0  1023.6  3684.9  4601.0  5077.0  8259.0 35742.0 49912.1  49341.2    50000
read     1337.6  2863.5   160.7   304.8   345.2   553.4   667.2   833.4   966.6  1122.4  4382.8  4984.2  7999.4 35223.0 43250.0  54704.6    55000
read     1641.2  3249.6   187.4   444.0   478.9   639.0   966.7  1067.5  1146.8  4203.4  4705.4  5201.1  8650.8 36806.0 49885.8  47223.6    60000
read     1592.3  3209.5   187.4   431.7   460.0   620.5   924.9  1012.9  1082.4  3956.2  4689.8  5146.6  8639.1 36393.6 46577.2  48845.4    65000
read     1524.1  3040.3   173.5   374.5   424.2   621.9   836.7  1010.1  1093.1  3824.5  4628.7  5112.6  8337.8 36555.8 48756.8  50352.2    70000
read     1590.0  3152.9   202.4   431.7   461.0   623.9   938.9  1027.1  1093.1  4065.3  4701.3  5108.2  8597.7 36922.9 54708.6  48499.8    75000
read     1493.8  2975.1   173.5   365.0   407.6   613.6   811.5   986.8  1072.6  3743.3  4613.3  5073.8  8311.8 36255.2 43339.7  51197.4    80000
read     1576.2  3172.9   187.4   427.2   455.4   614.7   923.7  1008.6  1078.6  4002.2  4696.2  5101.0  8502.3 37280.9 54950.0  48979.5    85000
read     1593.8  3164.6   187.4   427.7   458.4   630.0   921.4  1013.9  1088.3  3991.4  4702.0  5166.3  8622.1 36687.0 41903.2  48607.0    90000
read     1606.3  3150.1   202.4   439.6   471.7   632.8   951.3  1041.1  1103.8  4150.1  4701.4  5125.7  8518.1 36308.6 53677.2  47990.2    95000
read     1480.1  2930.7   187.4   374.0   425.5   601.7   841.6   965.0  1043.3  3737.7  4621.6  5063.9  8095.4 35867.4 43640.7  51277.0   100000
read     1604.0  3218.1   187.4   437.2   465.8   625.9   942.0  1031.5  1096.2  4012.7  4700.1  5148.7  8629.0 36306.5 56658.9  48293.9   105000
read     1563.5  3110.8   173.5   433.1   459.4   597.3   920.8  1010.2  1080.6  3972.3  4684.5  5098.9  8538.2 36477.7 44175.9  49290.4   110000
Warning! Detected max cpu usage > 95%
CPU Usage Stats (avg/min/max): 90.05%,63.32%,100.00%
----- End Round 5 -----
