----- Start Round 1 -----
#type       avg     std     min      p5     p10     p50     p67     p75     p80     p85     p90     p95     p99    p999   p9999     QPS   target
read      374.0   206.2   148.8   197.7   215.4   344.6   418.7   465.4   496.7   529.5   565.4   610.7   692.6  1386.1  7966.8  30007.6    30000
read      374.1   205.1   148.8   197.2   213.7   341.3   413.8   461.6   495.8   532.6   572.7   625.0   732.6  1962.0  8308.2  34884.6    35000
read      375.8   209.6   160.7   197.7   214.3   343.6   412.7   459.1   493.6   533.3   578.6   635.1   762.9  1450.4  7944.5  39937.4    40000
read      381.8   186.8   148.8   195.5   212.0   354.4   425.0   469.3   503.4   543.6   589.7   651.1   775.4  1488.3  6041.6  45012.8    45000
read      380.5   247.6   148.8   198.6   215.7   357.2   422.0   459.9   490.6   529.1   577.7   637.0   743.1  1080.1 11023.3  49947.2    50000
read      361.1   202.5   148.8   193.8   208.4   332.1   390.9   429.5   463.1   505.3   559.5   628.3   739.0  1246.2  9421.4  54819.8    55000
read      382.9   227.0   148.8   198.7   214.4   352.7   424.1   466.5   499.1   537.9   588.3   660.5   809.5  1488.8  8327.9  59942.6    60000
read      360.9   176.8   148.8   193.4   208.1   337.0   400.1   436.8   466.8   503.5   549.8   616.2   720.4  1196.8  5661.5  64897.4    65000
read      366.7   207.5   148.8   193.6   208.6   336.7   402.5   442.9   473.1   512.7   564.1   636.9   790.6  1170.4  7480.9  70182.6    70000
read      355.6   184.5   148.8   192.4   206.7   331.6   394.8   430.9   458.8   492.7   537.3   602.9   710.6  1014.3  7195.1  74888.6    75000
read      348.1   192.4   137.8   191.3   204.8   322.8   384.7   420.3   446.3   478.0   520.9   588.8   711.4  1270.7  7900.6  79957.6    80000
read      383.3   251.4   148.8   196.7   213.2   347.5   415.9   458.4   491.2   531.9   586.8   672.4   947.1  1485.7  9040.9  85148.8    85000
read      357.8   172.9   148.8   197.8   213.4   333.9   392.7   427.0   453.3   485.2   529.2   601.0   745.7  1055.1  5896.2  89840.2    90000
read      533.6   446.7   148.8   236.9   280.8   480.6   558.3   632.3   711.2   800.3   881.7   967.3  1091.8  1681.3 13736.0  95010.0    95000
read      695.4   379.1   148.8   429.9   465.4   578.4   717.4   938.3   985.2  1029.0  1070.3  1124.3  1222.9  3252.1 15702.9  92829.2   100000
read      682.2   349.0   148.8   429.9   456.5   566.4   732.9   910.8   961.5  1000.7  1043.9  1090.6  1182.8  2664.7 14097.5  95339.4   105000
read      690.1   336.5   160.7   440.2   464.9   570.2   750.1   929.3   972.5  1010.0  1051.8  1095.0  1185.0  2699.2 12390.5  94630.0   110000
Warning! Detected max cpu usage > 95%
CPU Usage Stats (avg/min/max): 90.08%,67.00%,100.00%
----- End Round 1 -----
----- Start Round 2 -----
#type       avg     std     min      p5     p10     p50     p67     p75     p80     p85     p90     p95     p99    p999   p9999     QPS   target
read      379.7   315.7   148.8   198.4   216.1   345.0   421.5   469.2   501.1   534.1   570.5   618.6   723.2  3035.4 12416.5  30087.8    30000
read      384.7   276.7   148.8   198.4   215.3   346.5   423.8   472.8   507.2   544.7   586.9   644.4   794.4  2135.8 11424.4  34828.4    35000
read      373.3   216.3   148.8   196.3   212.8   341.8   408.7   455.3   491.1   531.0   575.5   630.0   734.8  2055.4  7701.5  39971.4    40000
read      380.8   200.2   148.8   198.8   215.9   353.2   421.0   463.7   497.3   537.9   585.7   643.3   754.2  1156.5  9100.7  44936.6    45000
read      375.5   256.3   148.8   194.8   210.9   344.1   412.2   455.8   489.6   530.6   580.2   641.7   769.7  1697.2  6468.5  49827.8    50000
read      373.7   185.2   148.8   197.0   212.3   343.5   410.9   452.4   485.4   526.1   576.7   645.0   794.3  1581.5  6103.6  54964.2    55000
read      358.3   173.6   148.8   192.9   207.2   330.4   392.3   430.5   462.3   502.4   553.0   621.8   738.3  1236.9  6661.3  59802.6    60000
read      371.3   177.3   148.8   195.5   210.4   338.7   406.6   452.1   487.6   529.8   581.9   653.3   803.6  1217.5  5931.0  65162.8    65000
read      363.0   228.4   148.8   193.4   207.8   330.8   396.6   437.4   469.8   509.4   560.6   631.0   778.0  1253.0 10507.6  69792.6    70000
read      363.4   243.4   148.8   195.1   210.0   333.3   396.8   434.7   464.2   500.5   547.3   617.6   746.6  1674.7  9353.9  74780.0    75000
read      389.3   209.5   148.8   205.5   223.0   360.7   431.8   472.2   503.4   540.0   587.9   663.3   823.9  1156.0  8190.8  79938.4    80000
read      358.3   199.7   148.8   197.1   212.5   332.6   392.7   428.1   455.2   488.4   533.2   602.6   742.7  1179.7  8181.5  85090.6    85000
read      375.7   206.4   148.8   204.1   222.0   350.5   412.5   449.4   476.2   509.6   555.6   627.9   777.5  1099.8  7682.7  90057.1    90000
read      423.9   181.6   148.8   221.9   247.4   399.9   468.6   509.2   540.7   578.6   627.2   699.9   855.8  1093.6  5842.0  95072.4    95000
read      621.9   365.3   148.8   254.2   316.6   542.0   625.0   830.4   919.3   976.5  1028.9  1088.6  1185.4  2201.2 15123.3  94355.1   100000
read      642.6   348.7   173.5   366.1   406.1   551.0   707.0   815.9   881.0   932.5   982.0  1040.4  1144.3  2619.2 14628.5  99822.4   105000
read      631.4   341.2   160.7   330.8   384.0   555.9   633.6   730.5   868.7   951.5  1007.0  1070.9  1172.0  2617.1 15206.2 102250.4   110000
Warning! Detected max cpu usage > 95%
CPU Usage Stats (avg/min/max): 90.14%,63.13%,100.00%
----- End Round 2 -----
----- Start Round 3 -----
#type       avg     std     min      p5     p10     p50     p67     p75     p80     p85     p90     p95     p99    p999   p9999     QPS   target
read      370.2   201.4   148.8   196.7   213.2   336.4   414.2   463.3   494.2   526.7   562.5   608.0   696.4  2190.3  8037.5  30023.2    30000
read      378.2   225.8   148.8   198.5   215.4   346.2   418.9   465.6   500.0   537.7   579.1   630.3   732.2  1462.7  8555.9  34880.2    35000
read      387.3   239.1   148.8   198.1   215.9   358.6   430.6   475.2   508.8   545.9   590.1   651.1   784.0  1365.6 11056.2  40083.2    40000
read      380.7   203.4   148.8   198.1   215.0   353.2   420.7   463.3   496.9   537.1   584.8   642.4   761.2  1326.6  8254.8  44934.8    45000
read      365.3   277.1   148.8   191.7   205.7   331.2   398.5   443.2   479.0   520.7   570.0   631.5   741.7  1751.5  8569.8  50064.0    50000
read      371.9   217.8   148.8   194.7   209.9   341.9   408.0   449.9   482.3   523.9   575.6   638.9   766.8  1602.8  8301.1  55025.6    55000
read      369.3   221.5   148.8   194.8   209.1   338.2   403.5   446.3   479.8   520.7   571.8   639.8   787.0  1368.6  9489.0  60063.6    60000
read      387.3   215.4   148.8   198.3   214.6   356.2   430.2   473.6   505.4   544.3   593.4   671.1   836.0  1809.2  7330.2  64859.0    65000
read      368.1   238.0   148.8   193.7   208.4   336.5   401.5   443.0   475.9   516.9   568.0   637.4   791.4  1412.5  8281.4  69815.4    70000
read      361.1   196.3   148.8   193.5   207.4   329.5   392.5   432.7   465.1   505.2   556.0   629.1   796.5  1285.3  7567.2  75076.0    75000
read      350.2   183.1   148.8   192.6   206.0   320.7   377.2   414.4   445.0   484.9   537.8   613.5   765.0  1147.2  7604.7  79915.8    80000
read      414.8   219.4   148.8   215.3   237.8   391.3   464.5   503.9   532.8   567.2   613.6   683.5   831.2  1214.5  9752.1  85061.4    85000
read      388.9   194.4   148.8   205.8   224.8   363.9   431.0   468.5   497.2   531.5   577.6   648.7   805.8  1310.4  6460.0  90037.2    90000
read      679.9   345.0   187.4   415.7   445.1   570.7   781.9   893.7   940.7   981.9  1024.4  1082.0  1181.0  2636.7 15103.3  92919.6    95000
read      685.4   342.8   173.5   422.7   450.7   572.4   806.0   905.0   949.1   987.0  1027.4  1081.5  1177.4  2431.5 14243.7  94415.8   100000
read      623.3   360.2   148.8   253.3   309.8   546.7   619.4   774.5   932.4   996.7  1052.6  1111.7  1221.4  2549.0 12801.6  95013.7   105000
read      494.4   314.9   148.8   214.8   240.4   443.9   521.1   559.9   596.3   774.1   934.8  1020.5  1139.7  1372.0 10987.2 103259.0   110000
Warning! Detected max cpu usage > 95%
CPU Usage Stats (avg/min/max): 90.20%,55.00%,100.00%
----- End Round 3 -----
----- Start Round 4 -----
#type       avg     std     min      p5     p10     p50     p67     p75     p80     p85     p90     p95     p99    p999   p9999     QPS   target
read      378.1   277.1   148.8   196.5   213.0   342.8   420.4   466.1   497.4   530.5   567.4   616.7   728.2  3892.5 11563.5  30037.8    30000
read      375.8   242.6   148.8   195.7   211.7   338.7   414.3   464.6   500.0   537.0   579.0   631.8   739.7  2450.3  8012.3  35050.6    35000
read      385.1   204.8   148.8   199.9   217.0   355.3   428.4   472.3   506.7   545.9   588.7   644.1   769.7  1709.4  7249.3  40112.4    40000
read      421.8   224.8   148.8   204.1   222.0   393.7   478.6   525.3   559.3   601.4   658.7   741.6   892.3  1365.6  9370.1  45053.0    45000
read      368.7   235.8   148.8   192.0   206.3   332.1   401.6   450.6   488.1   530.8   579.2   640.3   777.7  1630.8  8940.2  49867.8    50000
read      383.9   238.8   148.8   196.4   212.0   352.0   423.8   467.6   501.9   542.3   591.8   665.3   812.8  1503.5  8471.0  54942.6    55000
read      363.5   215.7   148.8   193.5   207.8   333.4   397.1   435.8   468.4   508.9   560.9   629.6   744.8  1538.7  9451.7  60118.5    60000
read      352.5   197.0   148.8   189.5   202.1   321.9   382.5   422.3   455.5   497.1   549.5   621.3   745.8  1465.6  6946.1  64864.8    65000
read      363.0   192.5   148.8   192.8   207.0   334.7   399.3   438.7   470.1   508.2   558.2   630.3   777.5  1314.9  7250.8  70045.6    70000
read      360.2   194.8   148.8   193.5   208.3   333.5   397.8   434.3   463.0   498.1   543.9   614.1   735.9  1246.8  7773.0  74931.4    75000
read      386.3   219.9   148.8   202.4   219.9   358.8   430.5   470.7   500.3   535.3   580.6   650.3   800.5  1147.7 10052.9  80012.0    80000
read      353.0   182.8   148.8   195.7   210.5   329.2   388.8   423.7   450.1   481.3   523.4   587.8   717.4  1199.1  7723.3  84972.0    85000
read      363.4   191.3   148.8   197.1   213.4   339.4   400.7   436.7   463.7   496.2   538.7   606.8   746.6  1064.3  7839.8  89972.6    90000
read      629.8   310.2   148.8   307.0   378.4   541.3   666.4   836.7   900.4   952.0   999.1  1060.0  1159.7  1938.6 10172.4  93606.0    95000
read      696.4   384.9   160.7   430.7   459.6   580.2   784.0   923.0   971.5  1013.9  1058.1  1105.5  1202.9  2625.2 18183.1  93216.2   100000
read      670.9   359.5   148.8   310.1   411.9   573.0   661.0   907.2   978.3  1030.3  1075.4  1136.9  1243.4  2479.8 13744.3  93153.8   105000
read      562.1   340.6   148.8   240.4   283.9   510.3   577.3   635.6   737.1   885.3   979.8  1061.6  1170.8  1647.4 12988.4 102315.1   110000
Warning! Detected max cpu usage > 95%
CPU Usage Stats (avg/min/max): 90.15%,67.34%,100.00%
----- End Round 4 -----
----- Start Round 5 -----
#type       avg     std     min      p5     p10     p50     p67     p75     p80     p85     p90     p95     p99    p999   p9999     QPS   target
read      372.8   278.4   148.8   195.1   211.0   331.7   412.8   464.0   496.0   529.8   567.2   615.0   719.8  2840.3  9014.5  30087.4    30000
read      380.3   211.8   148.8   197.9   215.3   349.4   421.6   469.0   503.2   539.8   580.4   631.8   740.4  2120.0  7263.6  34884.7    35000
read      385.4   221.5   148.8   197.7   214.7   352.5   426.4   472.9   507.2   545.7   591.2   656.6   800.4  2012.5  7918.4  39857.4    40000
read      382.7   273.1   148.8   197.8   214.1   350.1   419.8   464.4   499.7   541.2   590.6   658.9   808.6  1492.7  7603.2  44889.4    45000
read      370.0   200.9   148.8   195.9   211.4   343.6   406.2   445.7   477.5   518.8   569.3   631.5   736.2  1281.4  7802.8  50042.6    50000
read      364.8   214.1   148.8   193.4   207.5   332.7   396.7   439.0   474.7   516.6   568.7   634.7   771.5  1441.4  6856.7  54816.0    55000
read      364.6   213.0   148.8   192.2   206.4   331.8   398.3   440.9   473.4   512.9   563.7   631.2   764.0  2779.1  6948.6  59934.6    60000
read      357.9   210.8   148.8   191.4   205.1   329.3   389.8   428.4   460.7   501.0   552.4   622.3   746.6  1252.3  6940.0  65029.8    65000
read      356.7   189.7   148.8   191.9   206.0   331.2   394.6   430.7   459.5   495.9   543.4   612.0   733.6  1185.9  7319.5  69882.8    70000
read      358.9   199.0   148.8   192.7   207.1   331.4   396.2   433.4   462.2   497.6   543.5   613.2   742.2  1254.9  8224.6  75113.0    75000
read      370.1   177.5   148.8   197.6   213.4   342.2   409.7   449.3   477.6   513.2   560.8   633.8   789.4  1155.3  6458.7  80174.2    80000
read      350.2   175.4   148.8   194.4   209.0   327.4   387.1   421.0   445.9   475.8   517.4   585.1   717.3   969.8  6076.0  84875.4    85000
read      375.9   185.5   148.8   201.8   219.6   351.1   414.6   451.7   479.1   513.0   558.3   630.8   782.1  1185.5  6851.1  89927.7    90000
read      607.4   329.9   148.8   263.4   327.4   531.5   625.4   796.9   881.0   940.4   991.9  1055.5  1158.4  1723.0 12121.8  93536.0    95000
read      665.5   402.1   160.7   364.7   423.5   571.5   676.5   853.4   933.5   985.8  1037.1  1092.8  1187.3  3105.8 17210.7  96320.1   100000
read      680.0   319.9   160.7   420.8   448.1   565.2   808.4   902.8   944.9   981.3  1017.7  1074.0  1169.1  2250.2 12423.8  95598.2   105000
read      616.5   332.8   160.7   324.9   381.4   537.4   614.8   742.3   867.6   931.4   984.9  1047.3  1151.3  2055.8 14283.2 103604.6   110000
Warning! Detected max cpu usage > 95%
CPU Usage Stats (avg/min/max): 90.42%,66.16%,100.00%
----- End Round 5 -----
