----- Start Round 1 -----
#type       avg     std     min      p5     p10     p50     p67     p75     p80     p85     p90     p95     p99    p999   p9999     QPS   target
read     1377.6  2058.9   160.7   254.2   288.0   480.8   637.1  2375.1  3424.4  3585.5  3706.9  3895.5  4354.4 30388.0 48844.0  29719.2    30000
read     1365.6  2663.5   160.7   257.7   293.5   512.3   642.2   822.7  3257.6  3546.3  3685.8  3950.0  5862.8 35431.7 45697.2  34998.8    35000
read     1347.8  2996.4   160.7   259.8   297.2   509.7   635.3   738.4   984.1  3528.5  3680.7  4067.8  5932.6 36732.2 49873.5  39785.4    40000
read     1215.9  2700.8   160.7   258.4   291.8   490.1   611.1   707.4   816.1  3404.5  3645.1  3970.8  5653.3 35374.2 40399.5  44781.3    45000
read     1485.4  2940.8   173.5   401.9   437.6   609.7   877.1   972.8  1042.0  3527.3  4549.9  5061.1  8114.6 35796.9 42951.3  49043.4    50000
read     1618.1  3138.5   173.5   444.3   475.1   631.8   966.3  1056.3  1132.1  4062.1  4701.4  5148.3  8602.7 36164.6 47365.2  47435.8    55000
read     1578.2  3105.8   173.5   401.6   452.6   632.8   919.5  1037.2  1104.3  3800.9  4669.2  5273.7  8585.1 36215.4 42915.5  48712.8    60000
read     1536.8  3049.4   173.5   378.4   431.7   626.8   882.7   998.6  1079.3  3847.1  4631.6  5097.3  8155.9 36498.1 46914.9  49924.8    65000
read     1565.5  3052.8   187.4   419.9   452.8   632.3   911.2  1009.8  1085.0  3921.2  4679.1  5119.7  8352.0 35229.4 42467.4  48870.4    70000
read     1601.5  3109.0   187.4   439.4   469.7   627.8   956.3  1047.0  1112.2  3985.4  4696.2  5220.4  8506.0 36514.3 44540.7  48021.0    75000
read     1527.4  3071.3   173.5   385.3   440.3   597.7   886.0   997.7  1068.2  3804.0  4635.0  5068.8  8381.9 35356.6 40495.4  50539.8    80000
read     1571.5  3096.8   187.4   434.0   461.2   614.1   932.2  1019.5  1088.8  3808.8  4699.3  5251.9  8446.1 36230.0 44629.7  48709.0    85000
read     1583.4  3124.8   187.4   437.0   464.0   615.6   942.2  1025.5  1089.8  3887.9  4704.1  5236.1  8507.4 36421.7 47938.0  48594.6    90000
read     1640.6  3180.4   187.4   452.5   483.7   636.9   978.4  1071.9  1150.1  4147.0  4710.9  5249.4  8605.4 36226.9 41038.2  47140.6    95000
read     1515.7  3080.2   187.4   414.4   443.6   587.2   882.6   969.4  1031.0  2913.1  4640.8  5111.4  8368.3 35928.8 49047.7  50803.6   100000
read     1606.0  3157.1   187.4   441.3   472.0   623.7   954.6  1039.4  1097.2  4065.1  4706.9  5204.7  8583.7 35955.4 43470.3  48175.8   105000
read     1575.4  3123.5   202.4   433.1   461.0   620.4   931.5  1014.1  1082.3  3886.6  4685.9  5165.6  8546.0 36909.8 49979.6  48786.2   110000
Warning! Detected max cpu usage > 95%
CPU Usage Stats (avg/min/max): 89.92%,64.82%,100.00%
----- End Round 1 -----
----- Start Round 2 -----
#type       avg     std     min      p5     p10     p50     p67     p75     p80     p85     p90     p95     p99    p999   p9999     QPS   target
read     1370.3  2043.5   160.7   255.9   292.4   510.9   665.1  2220.4  3389.7  3570.3  3696.6  3885.2  4632.9 30851.2 38491.1  29977.8    30000
read     1346.5  2550.4   160.7   256.6   291.6   512.4   638.4   818.6  3254.5  3549.0  3683.3  3924.0  5849.5 34396.0 45517.1  34834.8    35000
read     1302.8  2808.1   148.8   257.3   292.6   500.2   625.3   728.6   979.6  3521.3  3670.6  3992.8  5855.9 36054.9 51874.7  39962.6    40000
read     1187.6  2593.7   160.7   266.1   302.6   513.7   643.2   738.2   836.0  3288.6  3620.5  3894.3  5472.4 35723.3 43269.1  44967.2    45000
read     1115.9  2456.1   160.7   261.5   294.9   486.0   602.2   690.5   779.2  1055.5  3609.0  3907.2  5433.5 32887.9 46234.3  49808.6    50000
read     1471.6  2988.0   160.7   328.6   394.1   577.6   865.3  1001.0  1076.4  3511.6  4550.9  5043.7  8235.0 36664.5 45750.6  49757.6    55000
read     1538.8  3039.9   173.5   427.0   454.3   596.6   912.6  1000.1  1068.6  3629.9  4656.0  5122.6  8232.2 36284.8 49629.3  49631.6    60000
read     1603.2  3091.8   202.4   439.3   470.4   635.1   957.1  1049.6  1124.1  4037.0  4699.6  5145.3  8411.2 36411.3 48659.3  47802.4    65000
read     1536.7  3084.5   202.4   419.5   447.8   599.1   896.3   983.8  1053.1  3930.4  4649.0  5043.8  8315.0 36397.8 43063.2  50087.2    70000
read     1574.8  3129.9   173.5   428.8   456.4   606.6   925.6  1008.4  1077.9  4042.6  4681.1  5067.5  8489.5 35509.8 43574.6  49348.6    75000
read     1543.7  3057.1   187.4   419.1   448.6   612.1   901.6   987.6  1058.5  3874.9  4666.8  5098.7  8066.8 36687.3 47825.7  49690.3    80000
read     1533.2  3031.2   187.4   414.0   445.3   618.5   891.4   981.2  1051.0  3823.1  4655.0  5089.2  8311.5 36613.9 48525.3  49834.8    85000
read     1582.6  3003.9   187.4   417.2   461.7   644.8   946.2  1053.4  1135.8  3918.8  4664.4  5138.3  8119.1 36380.5 44952.2  48013.2    90000
read     1623.9  3094.7   187.4   443.9   477.5   657.2   970.3  1065.8  1152.3  4147.2  4706.4  5120.8  8425.8 36673.0 46005.0  47117.4    95000
read     1582.7  3113.8   173.5   430.7   460.9   632.1   934.7  1021.4  1090.2  3961.0  4683.1  5112.5  8353.6 35970.0 43469.0  48469.0   100000
read     1529.4  3008.3   187.4   417.5   447.5   603.0   894.2   983.5  1053.0  3796.3  4652.0  5094.1  8175.5 36082.8 41990.7  50046.0   105000
read     1603.9  3109.5   187.4   439.5   470.1   633.1   959.4  1047.9  1116.9  4162.5  4694.1  5106.6  8387.6 36929.1 52806.1  47852.4   110000
Warning! Detected max cpu usage > 95%
CPU Usage Stats (avg/min/max): 89.79%,63.00%,100.00%
----- End Round 2 -----
----- Start Round 3 -----
#type       avg     std     min      p5     p10     p50     p67     p75     p80     p85     p90     p95     p99    p999   p9999     QPS   target
read     1345.8  1957.7   160.7   257.5   295.0   513.3   664.6  2158.7  3368.7  3558.2  3684.2  3863.6  4376.7 29693.4 39480.6  29858.4    30000
read     1329.3  2551.9   160.7   256.5   292.1   510.2   628.6   806.4  2354.5  3541.0  3672.3  3889.2  5812.8 35575.3 47982.3  34987.6    35000
read     1310.0  2900.0   160.7   255.8   290.7   501.3   620.9   727.1   931.8  3504.6  3657.0  4002.6  5886.2 36945.1 46039.3  39907.2    40000
read     1202.5  2728.3   160.7   261.2   298.1   508.8   633.6   730.0   830.1  3287.0  3611.9  3873.0  5501.4 35255.2 49205.9  44949.3    45000
read     1326.9  2802.4   160.7   295.9   345.8   553.1   719.0   899.1  1002.4  1852.9  3851.9  4803.4  7870.0 35179.2 44164.4  49493.8    50000
read     1598.7  3110.7   173.5   440.0   470.3   633.5   954.0  1038.7  1099.7  3905.5  4690.9  5172.2  8501.6 35605.7 43843.3  47959.2    55000
read     1589.1  3221.0   173.5   427.5   461.3   608.6   935.8  1026.7  1090.2  3974.1  4667.8  5095.4  8547.6 36204.2 47119.6  49134.2    60000
read     1558.6  3167.3   173.5   414.5   450.3   609.2   906.4   996.3  1064.7  3788.7  4654.8  5108.8  8463.7 35874.0 45867.6  49769.0    65000
read     1607.8  3224.6   202.4   437.2   467.2   633.4   944.6  1032.7  1095.2  3990.8  4693.0  5154.3  8474.5 36565.2 50371.0  48176.0    70000
read     1599.4  3173.0   202.4   438.7   469.0   626.6   948.4  1036.7  1095.4  3853.7  4691.5  5332.6  8326.5 35687.3 50269.0  48049.6    75000
read     1548.4  3075.2   202.4   428.3   455.8   601.1   917.6  1002.9  1070.4  3569.8  4664.3  5122.7  8314.0 35629.3 44318.5  49567.2    80000
read     1619.0  3133.6   202.4   444.2   475.2   637.7   969.3  1056.2  1126.8  4103.2  4699.7  5126.8  8527.2 36120.0 43182.9  47561.2    85000
read     1603.2  3156.5   187.4   428.2   459.2   638.1   936.7  1019.1  1090.7  4125.6  4689.5  5096.7  8611.3 35840.1 43930.2  48333.2    90000
read     1562.3  3152.3   173.5   425.5   453.5   613.0   917.0  1002.1  1072.8  3805.9  4677.5  5119.8  8235.7 36562.4 49797.9  49285.0    95000
read     1602.1  3148.1   187.4   439.3   467.2   628.5   947.2  1032.9  1097.7  4124.8  4705.0  5112.7  8472.1 36185.2 48092.5  48093.0   100000
read     1573.8  3126.4   160.7   424.6   457.7   622.0   934.0  1024.0  1091.5  3941.8  4674.7  5103.3  8409.0 36754.3 54730.0  48772.0   105000
read     1433.8  2898.9   173.5   342.4   384.0   591.5   750.6   949.1  1035.3  1706.3  4559.5  5038.8  8108.3 35651.4 41445.8  53076.4   110000
Warning! Detected max cpu usage > 95%
CPU Usage Stats (avg/min/max): 89.97%,66.00%,100.00%
----- End Round 3 -----
----- Start Round 4 -----
#type       avg     std     min      p5     p10     p50     p67     p75     p80     p85     p90     p95     p99    p999   p9999     QPS   target
read     1346.6  1900.7   148.8   255.8   291.7   502.9   653.2  2245.2  3376.4  3563.0  3690.2  3875.9  4368.1 28507.2 38831.8  29868.8    30000
read     1358.3  2654.5   160.7   258.5   293.8   518.6   655.0   811.4  3236.9  3538.4  3674.5  3923.8  5860.2 32777.3 39530.0  34894.2    35000
read     1310.5  2779.2   160.7   254.1   287.8   494.1   619.8   731.5  1317.0  3524.8  3685.1  4026.0  5830.1 36250.7 44040.6  40033.2    40000
read     1208.5  2637.5   148.8   254.1   288.4   484.3   605.2   712.3   837.7  3400.8  3645.7  3954.7  5662.7 32462.1 41625.3  44806.8    45000
read     1597.4  3194.9   187.4   424.4   462.4   632.0   945.5  1038.5  1107.2  3859.3  4671.0  5184.1  8452.5 36707.6 52810.0  47812.2    50000
read     1532.9  2988.3   160.7   425.9   455.4   602.5   914.3  1001.4  1069.0  3641.1  4664.5  5181.4  8202.6 35640.2 42890.0  49412.8    55000
read     1485.7  2984.6   173.5   375.2   424.9   593.3   845.0   972.1  1047.1  3284.2  4607.0  5058.6  8099.3 36341.9 42894.8  51436.2    60000
read     1411.4  2922.5   148.8   327.7   367.1   591.8   715.5   903.2  1016.2  1236.0  4532.7  5057.9  8041.0 35517.3 48401.5  53986.8    65000
read     1643.8  3157.8   173.5   441.2   476.7   659.9   964.7  1066.1  1157.4  4197.6  4714.1  5207.4  8574.7 36311.6 50034.0  46857.8    70000
read     1603.8  3160.3   173.5   435.7   466.8   634.8   944.6  1031.5  1096.6  3947.5  4692.3  5222.3  8527.0 36614.6 45760.6  48021.0    75000
read     1588.5  3050.5   187.4   418.7   459.3   646.8   930.1  1039.9  1124.1  3977.7  4669.4  5133.4  8297.7 36082.2 48374.3  48017.6    80000
read     1599.4  3146.4   202.4   433.0   463.9   635.1   939.2  1027.9  1094.0  3945.4  4683.6  5186.2  8544.9 36585.2 43102.3  48190.0    85000
read     1540.3  3050.7   173.5   387.0   437.6   624.3   892.1  1024.1  1095.9  3937.5  4637.5  5051.1  8348.2 36892.2 48547.4  49634.5    90000
read     1559.5  3124.2   187.4   418.4   450.8   611.8   922.5  1014.2  1082.5  3889.7  4665.5  5085.4  8353.5 36309.6 47238.9  49417.2    95000
read     1601.2  3105.1   187.4   442.9   473.8   627.0   964.8  1053.5  1119.0  4088.8  4697.1  5154.7  8428.5 36399.1 51650.5  47812.8   100000
read     1521.0  3024.8   187.4   409.6   443.1   608.1   887.0   987.2  1058.8  3632.5  4645.4  5098.0  8344.9 36107.5 47295.7  50228.8   105000
read     1548.0  2988.7   173.5   414.2   450.5   630.1   909.7  1006.4  1080.7  3815.6  4671.5  5162.2  8422.3 35390.1 40446.6  49161.4   110000
Warning! Detected max cpu usage > 95%
CPU Usage Stats (avg/min/max): 89.74%,62.31%,100.00%
----- End Round 4 -----
----- Start Round 5 -----
#type       avg     std     min      p5     p10     p50     p67     p75     p80     p85     p90     p95     p99    p999   p9999     QPS   target
read     1328.9  1954.6   160.7   255.6   290.8   507.9   651.6  2120.8  3337.5  3541.6  3669.8  3839.6  4347.6 30236.7 40222.0  29949.4    30000
read     1322.8  2505.0   160.7   253.8   288.0   507.3   626.1   808.6  2815.4  3536.2  3669.8  3878.1  5815.9 34613.6 48679.1  34739.5    35000
read     1311.2  2776.0   160.7   252.9   287.1   496.4   626.5   744.6  1462.0  3514.2  3681.0  3999.8  5777.7 35445.6 44314.3  39963.0    40000
read     1192.0  2685.8   160.7   259.9   295.5   500.4   626.4   720.8   812.3  3285.2  3612.3  3865.0  5506.2 35246.3 41348.1  45010.0    45000
read     1556.5  3039.0   160.7   395.6   447.0   624.7   927.7  1036.5  1108.8  3809.3  4631.6  5060.0  8075.6 36380.0 44136.0  47997.8    50000
read     1411.4  2894.0   160.7   353.4   401.7   556.4   805.8   920.6   990.7  1519.3  4521.0  5021.2  8052.5 35477.4 42877.8  52875.8    55000
read     1597.1  3126.5   202.4   435.5   463.7   635.4   942.2  1023.8  1093.0  3997.7  4685.9  5110.7  8509.3 36696.5 47719.1  48236.0    60000
read     1570.6  3073.3   187.4   426.2   456.9   632.4   921.5  1006.3  1078.3  3869.5  4670.3  5134.3  8432.4 36839.3 47035.7  48680.0    65000
read     1601.0  3125.0   202.4   443.3   474.0   627.0   959.1  1044.7  1100.1  3963.2  4700.4  5254.5  8518.7 36537.7 44253.5  47979.0    70000
read     1433.1  3017.7   160.7   339.4   400.9   576.3   765.7   949.4  1015.7  1235.7  4557.7  5026.5  7900.5 36770.6 53404.4  53424.2    75000
read     1544.6  3108.7   160.7   435.1   458.0   588.9   917.8  1001.7  1066.8  3882.8  4665.9  5071.0  8402.0 36177.1 48158.9  49870.2    80000
read     1590.9  3072.1   173.5   442.9   473.0   625.6   958.9  1047.6  1109.6  4055.5  4696.1  5114.6  8326.1 36823.0 46013.8  48011.4    85000
read     1598.2  3152.9   187.4   437.9   466.0   632.2   946.7  1026.5  1092.0  4063.9  4690.5  5121.0  8541.6 35329.8 43548.9  48249.8    90000
read     1552.9  3055.3   187.4   429.9   457.6   608.8   921.6  1007.2  1075.5  3821.1  4678.3  5138.0  8265.0 36576.4 46617.8  49292.8    95000
read     1463.7  2894.1   187.4   359.1   399.6   614.0   802.8   982.2  1066.7  2273.2  4590.2  5095.2  8085.2 33135.0 45717.9  51510.0   100000
read     1634.9  3174.9   218.6   447.9   480.2   641.7   973.2  1065.1  1143.7  4128.6  4713.8  5217.5  8588.0 36421.6 46332.4  47165.0   105000
read     1495.6  3002.3   187.4   411.8   441.2   587.0   876.4   959.0  1013.8  3671.7  4626.2  5045.4  8183.2 36306.6 43665.9  51160.4   110000
Warning! Detected max cpu usage > 95%
CPU Usage Stats (avg/min/max): 89.88%,65.50%,100.00%
----- End Round 5 -----
