----- Start Round 1 -----
#type       avg     std     min      p5     p10     p50     p67     p75     p80     p85     p90     p95     p99    p999   p9999     QPS   target
read      374.2   187.2   160.7   197.2   213.7   339.8   421.3   468.9   501.2   535.1   574.4   627.5   740.6  1405.2  7264.3  29948.4    30000
read      388.7   225.2   148.8   199.5   217.6   359.1   433.8   478.9   511.8   549.1   590.4   647.0   778.2  1746.0  9644.3  34808.6    35000
read      378.7   214.8   148.8   195.4   212.0   349.2   420.4   465.0   499.4   538.2   581.4   634.9   743.6  1593.1  7841.6  39869.4    40000
read      383.4   201.9   148.8   198.2   215.4   359.0   426.6   466.8   499.4   538.9   584.7   640.6   745.4  1623.7  8086.6  44871.4    45000
read      391.4   251.8   148.8   196.4   212.7   358.8   434.6   480.8   514.6   555.8   606.7   678.1   835.4  1840.9  9279.5  49825.8    50000
read      360.3   207.1   148.8   192.0   205.7   330.6   392.3   432.2   465.6   507.0   558.5   623.0   734.1  2191.1  7038.2  54706.6    55000
read      368.9   195.1   148.8   194.8   209.9   341.1   405.8   447.6   479.2   518.2   568.2   636.1   769.1  1162.4  6969.3  60202.8    60000
read      356.9   211.0   148.8   192.5   206.2   327.4   389.1   426.1   456.8   496.5   547.8   617.8   729.5  2339.3  7945.4  65210.6    65000
read      357.9   217.7   148.8   192.2   206.1   328.8   392.1   429.3   459.9   498.4   547.9   616.7   734.3  1491.3  8792.9  69962.2    70000
read      354.6   178.4   148.8   193.1   207.2   329.7   393.9   429.7   456.9   490.3   534.4   599.7   713.3  1026.1  5848.8  74864.4    75000
read      380.7   179.4   148.8   200.4   217.4   353.7   423.3   463.1   492.4   528.0   576.2   653.8   823.1  1115.0  5861.3  79829.2    80000
read      377.2   190.3   148.8   202.9   220.1   353.7   419.3   456.2   483.2   516.0   558.9   626.7   761.0  1227.0  7806.7  85162.0    85000
read      410.6   226.2   148.8   217.8   239.3   385.5   454.7   494.2   522.8   556.1   601.6   675.6   823.5  1375.0  9498.8  89875.3    90000
read      516.7   291.5   148.8   224.4   254.4   466.1   538.7   591.2   681.2   827.0   920.3  1003.5  1115.8  1366.9 10984.7  94159.2    95000
read      683.5   343.4   160.7   414.8   449.1   578.1   734.7   888.3   948.6   997.5  1050.1  1110.8  1234.0  2700.2 12834.8  94574.0   100000
read      689.3   348.1   173.5   434.1   460.6   573.6   739.2   913.6   967.3  1010.4  1054.7  1099.3  1188.1  2996.9 13285.4  94699.8   105000
read      577.9   343.0   148.8   242.2   286.8   518.8   584.3   656.5   822.5   941.6  1006.7  1076.1  1177.9  1468.8 12194.3  99574.6   110000
Warning! Detected max cpu usage > 95%
CPU Usage Stats (avg/min/max): 89.85%,68.34%,100.00%
----- End Round 1 -----
----- Start Round 2 -----
#type       avg     std     min      p5     p10     p50     p67     p75     p80     p85     p90     p95     p99    p999   p9999     QPS   target
read      375.1   222.9   148.8   197.0   213.9   341.1   419.6   466.0   497.5   530.8   567.1   613.4   704.0  2891.1  8136.8  30077.0    30000
read      370.1   208.7   148.8   196.1   212.5   340.0   407.6   454.7   488.7   525.7   565.6   615.6   700.8  1733.7  8694.3  34884.2    35000
read      374.5   192.3   148.8   196.8   213.4   345.6   413.6   458.3   492.7   531.8   576.3   630.9   739.7  1277.7  7534.1  40030.6    40000
read      382.6   195.3   148.8   198.2   214.9   355.2   422.9   465.5   499.8   540.7   587.9   648.8   775.7  1330.7  7680.7  45124.0    45000
read      399.0   260.6   148.8   198.8   215.9   369.1   447.4   493.1   526.5   564.8   612.4   681.2   842.5  1589.8 10020.8  49834.0    50000
read      365.0   208.1   148.8   191.9   206.1   335.6   400.7   442.4   475.7   518.3   570.8   636.2   748.0  1241.5  7078.7  55115.2    55000
read      359.2   178.0   148.8   193.9   208.4   333.2   394.7   431.3   461.7   500.1   550.4   619.9   727.5  1183.9  6456.6  60112.2    60000
read      354.6   203.5   148.8   191.9   205.8   327.4   388.9   425.1   453.8   490.8   540.2   608.2   712.7  1839.1  7156.9  64950.6    65000
read      366.7   195.1   148.8   194.5   209.7   340.5   407.6   446.6   475.6   513.0   560.9   627.8   743.8  1084.8  6809.6  69865.9    70000
read      363.5   182.8   148.8   194.2   209.3   334.1   399.4   439.9   470.8   509.5   559.6   631.2   772.8  1050.2  5951.7  74833.3    75000
read      402.1   184.3   148.8   209.0   228.6   379.0   454.2   493.1   520.7   553.4   599.2   671.0   814.1  1512.7  4765.5  79827.2    80000
read      349.3   192.4   148.8   194.0   208.5   326.8   385.1   418.4   443.0   472.1   513.3   580.8   699.6  1324.4  7855.6  84814.0    85000
read      369.2   182.8   148.8   199.8   217.2   347.3   408.2   443.4   468.9   501.2   544.2   613.2   740.3  1106.8  6896.2  89799.4    90000
read      617.3   321.1   160.7   313.3   374.4   536.1   639.9   789.4   866.0   926.6   982.0  1045.5  1147.9  2050.8 12151.4  93959.8    95000
read      580.4   364.7   148.8   235.8   286.5   507.1   593.5   776.7   851.4   907.0   960.0  1017.4  1120.0  2181.0 14319.1  97369.2   100000
read      512.2   352.5   148.8   219.3   247.1   463.5   546.1   589.2   633.6   741.7   960.4  1061.1  1177.5  1409.2 12712.5 100124.8   105000
read      657.3   340.1   173.5   359.0   419.9   568.2   671.2   837.5   920.5   974.7  1022.6  1080.8  1177.8  2775.2 13007.1  99117.0   110000
Warning! Detected max cpu usage > 95%
CPU Usage Stats (avg/min/max): 89.67%,68.34%,100.00%
----- End Round 2 -----
----- Start Round 3 -----
#type       avg     std     min      p5     p10     p50     p67     p75     p80     p85     p90     p95     p99    p999   p9999     QPS   target
read      379.2   228.9   148.8   197.4   214.6   348.4   425.3   472.0   504.1   537.2   574.0   622.7   723.5  1721.1  9490.6  30033.6    30000
read      375.9   238.6   148.8   196.5   212.5   341.4   415.5   463.4   498.4   536.5   577.7   631.3   754.4  1554.3 10339.2  34949.2    35000
read      390.8   214.4   148.8   199.6   217.5   360.9   435.2   481.9   516.5   555.7   600.5   664.8   801.3  1402.5  6877.2  39950.5    40000
read      393.1   235.9   148.8   202.1   219.5   361.5   433.0   478.0   513.7   556.4   607.3   673.0   800.6  1776.0  7795.0  45133.6    45000
read      373.0   192.3   148.8   194.4   209.6   341.5   411.2   455.4   490.4   532.3   581.8   643.8   765.1  1865.6  5285.3  50192.2    50000
read      364.4   196.2   148.8   194.7   209.5   334.8   397.4   436.7   469.9   513.2   566.7   633.2   742.9  1163.4  6801.0  54795.2    55000
read      364.6   211.0   148.8   192.4   206.8   334.6   400.6   441.2   473.4   515.5   566.1   631.8   744.4  1378.8  6811.3  59806.4    60000
read      364.0   210.1   148.8   193.2   207.4   329.0   394.0   437.3   473.0   516.6   569.6   639.5   796.0  1636.9  8288.8  64943.6    65000
read      363.4   201.3   148.8   192.9   206.9   330.4   396.2   437.2   470.1   509.4   562.3   635.2   799.8  1538.0  7722.1  69984.8    70000
read      370.1   211.3   148.8   197.0   212.0   339.8   405.0   446.0   477.5   516.4   566.4   638.4   796.8  1336.6  8061.1  75109.0    75000
read      362.8   188.0   148.8   196.0   211.3   335.3   399.7   437.1   465.7   500.9   546.8   619.8   756.8  1261.3  6978.8  79988.4    80000
read      376.0   204.3   148.8   201.4   218.7   348.9   414.4   453.0   481.3   515.2   561.7   634.4   784.7  1524.1  8506.8  85059.6    85000
read      404.7   188.4   148.8   211.5   234.1   380.9   449.4   488.6   517.0   551.8   600.1   674.1   827.3  1199.5  6241.6  90089.6    90000
read      519.7   229.9   148.8   265.1   304.2   482.8   577.7   636.8   679.7   727.3   785.5   864.3   997.9  1233.8  7843.5  94903.8    95000
read      526.6   327.0   148.8   219.2   249.9   475.5   543.9   603.1   724.9   861.3   940.2  1012.4  1122.3  1630.7 12407.2  98199.8   100000
read      623.6   289.4   148.8   363.6   397.6   535.2   742.7   814.0   850.3   887.6   926.9   983.9  1083.0  1623.1 11970.6 101397.4   105000
read      693.9   351.3   148.8   432.2   459.2   577.5   782.6   920.7   968.3  1008.9  1053.5  1099.4  1203.1  2871.6 12912.5  94185.8   110000
Warning! Detected max cpu usage > 95%
CPU Usage Stats (avg/min/max): 90.07%,72.86%,100.00%
----- End Round 3 -----
----- Start Round 4 -----
#type       avg     std     min      p5     p10     p50     p67     p75     p80     p85     p90     p95     p99    p999   p9999     QPS   target
read      376.1   171.8   148.8   197.5   214.8   344.0   424.2   472.7   505.5   539.7   576.5   624.7   727.1  1231.8  5442.8  29882.8    30000
read      370.4   191.6   148.8   196.9   213.1   336.8   410.2   459.1   493.8   532.0   573.5   624.2   710.3  1239.3  8085.5  34890.6    35000
read      382.2   239.7   148.8   198.5   215.7   350.3   420.6   465.5   500.2   539.9   584.2   639.0   747.8  2485.9  9812.7  39796.8    40000
read      380.0   196.0   148.8   196.7   213.2   351.9   421.3   465.8   500.1   540.3   587.7   648.4   774.8  1331.2  5522.1  44925.3    45000
read      361.3   196.7   148.8   194.3   208.7   328.8   391.5   431.9   467.1   511.5   564.2   629.1   741.8  1422.7  7413.7  49953.0    50000
read      380.0   196.4   148.8   197.1   213.5   351.2   420.6   462.7   495.9   536.4   586.7   653.3   783.9  1393.0  8009.9  55002.2    55000
read      366.4   203.8   148.8   193.2   208.0   336.5   403.1   444.0   476.6   518.5   570.3   637.3   754.4  1141.0  8373.1  60094.2    60000
read      364.9   238.1   148.8   191.0   204.8   330.3   395.4   438.7   473.9   516.9   569.8   638.7   801.3  1520.7  7953.4  64939.8    65000
read      346.5   168.1   148.8   191.1   204.0   317.5   373.7   409.3   439.3   480.9   536.0   610.6   729.3  1325.9  5375.8  69987.3    70000
read      360.4   200.4   148.8   193.8   208.2   331.5   395.6   433.5   463.7   501.0   548.5   620.4   771.4  1319.9  7729.7  74941.4    75000
read      353.6   177.1   148.8   194.3   208.5   328.9   390.6   426.0   453.0   486.3   531.6   600.9   724.1  1017.3  5858.8  79909.0    80000
read      361.7   183.7   148.8   196.0   211.9   336.8   399.2   435.8   463.5   497.0   540.1   608.3   740.6  1067.2  8171.2  85015.8    85000
read      397.0   215.4   148.8   212.4   232.7   370.7   436.3   475.1   504.2   539.3   585.9   659.6   805.9  1578.3  8002.5  89895.4    90000
read      603.5   330.6   148.8   255.4   323.1   524.9   632.3   810.6   876.0   927.1   979.3  1040.9  1143.1  2016.0 12739.5  95001.2    95000
read      545.8   332.5   148.8   221.9   258.8   483.8   559.3   699.2   806.6   875.2   932.4   999.2  1097.4  1847.8 11894.6  97782.7   100000
read      662.0   379.8   148.8   311.3   394.2   565.1   705.2   887.4   950.5   998.7  1048.7  1100.0  1211.4  2996.5 15358.1  94327.2   105000
read      674.8   338.4   160.7   420.7   446.8   557.3   788.6   898.7   942.1   978.9  1015.4  1071.2  1165.1  2456.8 12874.7  96748.9   110000
Warning! Detected max cpu usage > 95%
CPU Usage Stats (avg/min/max): 89.83%,69.65%,100.00%
----- End Round 4 -----
----- Start Round 5 -----
#type       avg     std     min      p5     p10     p50     p67     p75     p80     p85     p90     p95     p99    p999   p9999     QPS   target
read      372.3   225.4   148.8   195.2   211.2   335.8   415.4   465.8   498.0   531.9   569.2   617.2   711.7  3011.1  7689.3  29969.8    30000
read      400.4   227.5   160.7   201.0   218.6   366.6   449.5   497.6   532.2   571.6   620.3   690.9   837.5  1814.6  7420.2  34910.8    35000
read      386.6   223.0   148.8   198.8   216.8   357.8   429.4   475.3   509.7   547.9   592.9   651.6   775.1  1488.2  7933.9  40041.7    40000
read      396.0   205.4   160.7   200.7   218.4   366.8   441.8   487.4   521.2   561.2   610.9   679.4   830.7  1248.5  7291.3  45020.0    45000
read      376.9   195.4   148.8   197.3   213.6   349.1   414.9   456.6   489.8   530.4   581.2   645.5   772.7  1370.8  7505.9  50108.8    50000
read      371.7   205.2   148.8   192.8   207.9   339.5   406.9   450.7   486.5   529.7   580.8   645.1   773.5  1561.3  7085.9  54908.4    55000
read      357.6   209.2   148.8   191.8   205.5   324.5   388.5   428.4   462.3   506.1   560.9   628.2   735.4  1233.9  8044.7  60193.6    60000
read      353.9   182.0   148.8   191.9   205.0   320.1   379.3   421.0   457.5   503.5   559.3   629.8   758.1  1409.6  6554.8  64912.8    65000
read      363.0   222.3   148.8   193.6   207.8   333.3   396.9   436.0   466.9   506.1   555.9   628.3   766.7  1514.2 10328.6  69971.9    70000
read      380.0   199.4   148.8   198.8   215.3   354.0   425.7   464.9   494.5   529.7   575.1   641.6   784.1  1198.1  8810.2  75092.4    75000
read      346.4   196.4   148.8   192.8   206.8   321.2   379.0   412.6   438.2   470.9   516.6   587.2   714.1  1140.4  6975.4  80111.2    80000
read      348.3   196.7   148.8   194.3   208.6   322.0   378.5   411.4   437.1   469.9   515.6   588.8   727.9  1603.0  6663.4  85044.4    85000
read      368.1   226.5   148.8   199.2   216.2   340.5   399.6   435.4   464.0   499.4   547.9   627.4   791.5  1123.9  7774.0  89748.4    90000
read      605.3   355.0   148.8   255.1   317.8   535.8   621.9   751.1   861.5   940.5  1003.8  1077.0  1184.0  1858.5 15236.6  93465.6    95000
read      551.8   368.7   148.8   218.8   249.4   500.5   576.0   627.2   706.4   934.2  1023.7  1099.8  1232.9  1722.1 15129.8  94495.6   100000
read      380.3   230.5   148.8   200.5   217.3   339.3   398.3   437.4   468.3   504.2   552.5   733.9  1037.8  1223.6  8095.3 103490.6   105000
read      682.0   352.2   160.7   419.3   450.1   571.8   755.0   897.1   950.7   994.1  1040.8  1092.0  1186.7  2562.1 12948.7  95681.6   110000
Warning! Detected max cpu usage > 95%
CPU Usage Stats (avg/min/max): 89.93%,69.35%,100.00%
----- End Round 5 -----
