----- Start Round 1 -----
#type       avg     std     min      p5     p10     p50     p67     p75     p80     p85     p90     p95     p99    p999   p9999     QPS   target
read      375.4   220.9   148.8   197.2   214.3   348.3   418.6   461.2   490.9   523.4   560.9   613.7   731.7  1341.0  9945.5  30048.4    30000
read      386.0   231.6   148.8   199.3   216.6   356.6   428.1   471.9   504.4   540.0   580.0   633.8   782.5  2872.2  7262.6  34940.8    35000
read      415.5   372.5   148.8   200.6   218.5   375.3   452.8   497.8   530.4   568.3   615.9   691.9   908.2  5631.7 13231.5  40167.0    40000
read      380.2   219.1   148.8   197.3   213.3   353.5   421.4   463.5   495.6   534.0   580.2   638.6   778.6  1501.8 10035.5  45145.5    45000
read      378.8   196.0   148.8   197.3   213.7   358.0   423.6   462.0   491.8   527.9   572.9   631.2   745.8  1297.2  7040.0  50000.7    50000
read      372.9   245.9   148.8   194.0   209.0   344.8   411.8   452.5   484.3   523.0   571.2   634.9   779.8  1561.8  7628.0  55087.1    55000
read      360.1   213.9   148.8   192.7   206.6   333.1   394.3   432.5   463.5   502.6   552.3   621.5   740.3  1047.2 10242.8  60107.2    60000
read      346.2   198.3   148.8   190.9   203.6   316.2   373.0   409.9   440.6   481.0   535.2   609.9   740.8  1177.8  7042.0  65082.4    65000
read      365.9   199.6   148.8   191.9   207.0   341.6   411.5   449.6   477.1   511.1   555.1   618.7   735.1  1281.6  6095.1  70234.8    70000
read      352.7   231.3   148.8   191.8   205.6   326.1   387.4   422.9   450.0   483.6   529.6   595.7   726.4  1405.3  7555.6  75101.2    75000
read      357.0   160.8   148.8   192.2   207.0   333.3   398.0   434.7   461.6   493.9   536.7   603.2   734.3  1075.4  5472.2  79964.8    80000
read      380.8   218.1   148.8   199.1   216.1   353.8   422.0   461.1   489.8   524.5   571.7   645.0   809.7  1452.3  7254.3  85030.9    85000
read      360.0   178.8   148.8   193.9   209.9   338.7   400.0   435.7   462.0   493.8   535.5   598.2   723.8   940.9  6364.6  90016.2    90000
read      401.5   187.1   148.8   207.0   229.5   377.5   443.8   483.1   512.4   549.0   600.2   678.4   828.0  1023.0  6481.2  94990.0    95000
read      679.9   350.7   160.7   428.8   454.0   563.0   762.5   904.2   952.5   990.3  1031.4  1083.3  1177.4  2536.9 14056.4  95038.3   100000
read      620.6   393.6   148.8   249.3   318.6   538.0   611.8   827.3   918.5   975.1  1025.5  1083.3  1179.5  2953.3 15032.7  96405.6   105000
read      474.4   306.6   148.8   209.1   233.7   421.7   503.0   542.7   580.7   680.6   884.1   990.9  1107.6  1371.6 12063.4 104293.0   110000
Warning! Detected max cpu usage > 95%
CPU Usage Stats (avg/min/max): 90.05%,55.78%,100.00%
----- End Round 1 -----
----- Start Round 2 -----
#type       avg     std     min      p5     p10     p50     p67     p75     p80     p85     p90     p95     p99    p999   p9999     QPS   target
read      370.3   212.4   148.8   195.9   213.0   343.4   413.4   458.0   488.0   520.1   554.9   599.3   688.1  1338.5  8043.2  29910.6    30000
read      364.5   257.6   148.8   193.6   207.9   325.9   396.9   445.8   480.9   517.2   557.1   610.7   724.4  3437.0  8654.1  34836.8    35000
read      377.2   208.8   148.8   198.1   214.5   353.9   419.4   460.6   492.4   528.9   571.6   626.7   733.5  1039.3  9075.0  39901.4    40000
read      383.3   199.3   148.8   199.3   216.0   357.5   427.7   469.1   501.7   540.1   585.4   645.3   769.9  1555.5  6040.5  45030.8    45000
read      370.1   239.9   148.8   195.9   210.9   339.0   403.5   445.2   478.2   519.7   569.4   633.7   748.8  1785.9  8037.2  50059.0    50000
read      373.8   208.5   148.8   194.9   210.4   350.2   416.0   454.6   484.5   521.5   568.7   632.7   742.1  1422.4  9591.5  54903.2    55000
read      357.7   178.3   148.8   190.9   204.3   329.9   394.1   432.9   465.1   504.3   553.7   621.1   741.5  1386.3  5983.4  59988.3    60000
read      377.1   189.0   148.8   193.9   209.2   347.5   418.4   461.7   495.0   534.1   583.7   655.2   825.9  1280.2  6933.4  65034.8    65000
read      363.7   264.0   148.8   190.7   204.3   333.1   397.6   436.2   467.6   505.3   554.3   625.4   789.7  1895.2  9513.1  69742.4    70000
read      374.1   177.7   148.8   196.3   212.3   346.2   417.3   458.0   488.3   524.7   572.4   642.2   792.4  1144.1  4845.9  74981.4    75000
read      373.8   182.4   148.8   196.0   212.0   347.8   415.3   454.8   484.2   519.4   566.1   637.3   795.6  1148.1  6567.7  79937.4    80000
read      362.9   200.4   148.8   194.1   209.9   340.0   404.5   440.4   466.5   498.3   539.8   606.9   738.2  1148.1  7237.9  85068.3    85000
read      375.2   199.3   148.8   199.9   217.5   351.1   415.8   452.9   479.5   511.7   555.0   626.1   775.8  1097.4  7887.1  89852.8    90000
read      537.3   275.7   160.7   272.1   314.9   488.9   580.1   653.2   707.0   765.9   833.6   918.2  1045.9  1272.6 11037.0  94794.8    95000
read      666.2   346.2   148.8   399.6   438.0   559.9   727.5   877.1   931.4   976.4  1018.6  1076.7  1177.3  2726.8 13178.2  95936.7   100000
read      587.0   316.6   160.7   289.9   331.0   535.5   605.7   665.7   731.2   875.5   983.8  1069.5  1179.7  1663.3 12115.4 103753.0   105000
read      407.7   232.1   148.8   199.7   218.8   364.0   444.9   490.1   519.0   550.2   599.9   818.0  1063.7  1245.6  7612.5 109724.0   110000
Warning! Detected max cpu usage > 95%
CPU Usage Stats (avg/min/max): 89.91%,58.59%,100.00%
----- End Round 2 -----
----- Start Round 3 -----
#type       avg     std     min      p5     p10     p50     p67     p75     p80     p85     p90     p95     p99    p999   p9999     QPS   target
read      369.2   204.9   148.8   196.8   212.3   334.4   411.9   458.1   489.8   523.8   562.0   614.4   735.7  1570.9  6457.7  30071.8    30000
read      379.4   239.7   148.8   197.8   214.4   347.9   419.6   465.1   499.0   534.9   575.7   630.4   746.0  3264.2 10315.5  34933.4    35000
read      376.4   192.8   148.8   198.4   214.1   345.6   415.3   460.9   496.2   536.2   581.8   638.8   771.2  1180.0  7805.6  39959.2    40000
read      382.2   246.0   148.8   197.0   212.7   351.5   421.1   465.3   499.6   539.5   587.4   647.8   791.1  2166.5  9829.1  44978.5    45000
read      370.4   200.2   148.8   195.2   210.6   344.2   408.0   448.6   480.3   519.8   567.4   630.7   745.8  1349.2  7177.4  49856.4    50000
read      368.1   226.7   148.8   192.6   207.1   338.8   407.3   447.9   479.6   518.7   567.3   629.0   734.9  2630.2  5862.3  54882.8    55000
read      370.4   220.0   148.8   194.2   209.4   341.8   408.6   449.0   480.0   519.2   568.9   635.0   761.6  1465.0  9144.6  59969.2    60000
read      353.5   186.7   148.8   191.3   204.6   325.7   386.9   424.0   453.7   491.5   541.3   610.3   721.9  1379.2  7381.8  65196.0    65000
read      351.6   192.1   148.8   191.0   204.3   325.3   386.5   423.6   452.8   489.6   538.0   606.1   725.8  1057.6  6424.8  69823.8    70000
read      344.7   161.1   148.8   190.7   204.2   321.5   382.0   416.2   442.3   474.1   519.7   586.9   688.9   877.9  5763.8  74910.0    75000
read      352.3   186.0   148.8   191.7   206.0   328.3   391.4   427.0   453.6   485.3   526.6   589.5   705.9  1165.6  7893.9  80068.0    80000
read      373.8   242.1   148.8   196.4   213.3   349.8   415.8   453.0   479.1   509.5   550.5   619.2   746.0  1383.8  9397.7  84817.2    85000
read      348.2   172.6   148.8   193.2   207.5   327.8   384.6   417.7   442.2   470.8   509.3   575.8   698.0  1008.3  7083.3  89736.0    90000
read      451.8   207.6   148.8   220.3   250.8   418.9   492.3   541.3   583.4   635.6   703.0   796.1   939.3  1159.5  6796.2  94924.0    95000
read      325.7   146.2   148.8   190.2   203.2   309.5   358.7   385.7   404.5   430.7   464.6   521.9   635.6   996.9  5934.1  99967.0   100000
read      580.4   337.6   148.8   230.7   279.7   517.7   581.3   679.7   867.7   948.2  1001.3  1065.7  1166.9  1724.8 10915.0  98629.4   105000
read      447.2   261.8   148.8   208.6   232.6   405.2   484.5   521.5   547.7   589.7   716.5   938.4  1075.4  1226.9  9929.9 109955.5   110000
Warning! Detected max cpu usage > 95%
CPU Usage Stats (avg/min/max): 90.00%,66.50%,100.00%
----- End Round 3 -----
----- Start Round 4 -----
#type       avg     std     min      p5     p10     p50     p67     p75     p80     p85     p90     p95     p99    p999   p9999     QPS   target
read      374.5   264.9   148.8   195.4   211.5   340.3   418.0   465.3   495.8   528.0   563.5   608.4   693.3  3498.6  9873.9  29992.8    30000
read      354.0   183.2   148.8   192.7   206.3   315.6   390.2   441.3   475.7   512.2   551.1   599.7   693.2  1459.3  5821.2  34911.7    35000
read      379.7   197.9   148.8   196.6   213.9   356.7   423.7   464.6   496.8   533.7   575.2   626.7   727.5  1871.4  6886.4  39898.8    40000
read      370.1   237.2   148.8   193.3   207.7   337.9   407.5   451.5   484.4   523.2   568.8   627.2   740.9  3573.0  8103.9  44934.8    45000
read      383.0   220.8   148.8   197.8   214.5   360.5   428.4   467.1   497.6   534.3   580.5   639.1   762.2  1443.0  8429.2  49982.0    50000
read      371.2   192.9   148.8   196.1   211.0   344.1   409.7   450.5   481.5   520.5   570.0   634.1   755.3  1366.8  6610.7  54792.8    55000
read      369.4   198.3   148.8   195.1   210.4   345.9   410.7   448.4   476.7   514.0   562.0   625.4   733.5  1366.1  7849.3  59923.2    60000
read      351.7   180.8   148.8   191.0   204.0   323.2   384.5   421.6   451.8   490.5   540.8   609.3   731.4  1698.1  5342.5  64798.2    65000
read      376.9   188.8   148.8   196.2   211.8   346.8   417.6   460.5   492.5   530.7   579.9   655.6   829.4  1275.4  5582.3  69867.9    70000
read      348.4   180.9   148.8   191.8   205.2   323.4   384.3   419.2   445.6   478.8   524.8   593.0   718.3  1110.9  7837.2  75024.4    75000
read      365.9   209.0   148.8   194.5   210.1   341.0   407.1   445.5   472.7   506.0   547.6   615.2   749.4  1136.8  8156.2  79895.1    80000
read      344.4   184.6   148.8   191.1   204.3   320.4   378.0   411.3   436.2   467.7   510.0   582.3   720.6  1322.9  7108.7  84722.6    85000
read      451.8   257.9   148.8   211.3   235.7   414.6   493.1   536.8   571.2   618.9   701.8   871.3  1094.6  1282.9  8946.2  90010.0    90000
read      393.1   179.1   148.8   204.5   224.7   370.6   434.8   472.3   502.0   538.4   585.8   661.1   805.6  1014.3  6304.7  95229.4    95000
read      484.0   307.4   148.8   203.6   227.4   438.3   509.7   550.9   609.4   773.1   894.4   980.8  1089.0  1281.7 11634.2  98401.1   100000
read      683.9   343.9   148.8   433.6   458.3   565.4   759.0   914.3   961.8  1000.0  1042.4  1088.8  1179.4  2505.4 14185.4  95035.0   105000
read      652.9   336.8   148.8   402.8   437.1   542.4   702.0   874.3   920.2   962.7  1001.5  1056.5  1148.9  2493.4 13342.0  98925.4   110000
Warning! Detected max cpu usage > 95%
CPU Usage Stats (avg/min/max): 90.25%,72.77%,100.00%
----- End Round 4 -----
----- Start Round 5 -----
#type       avg     std     min      p5     p10     p50     p67     p75     p80     p85     p90     p95     p99    p999   p9999     QPS   target
read      379.4   275.1   148.8   197.2   213.3   343.2   419.2   465.9   496.6   528.9   565.4   614.8   726.3  3816.2 10757.5  29848.8    30000
read      369.4   208.7   148.8   195.5   211.2   335.2   405.1   453.2   487.7   525.6   567.2   620.7   733.2  2010.5  7628.5  34941.2    35000
read      371.7   326.0   148.8   194.9   209.3   333.1   404.2   454.8   491.0   531.0   575.7   631.6   741.8  2380.6 12923.1  39944.0    40000
read      383.8   194.0   148.8   199.0   215.3   355.9   425.3   469.2   502.9   542.2   590.6   656.5   804.4  1172.0  7015.4  44929.6    45000
read      370.2   183.0   148.8   196.2   211.8   346.1   408.9   448.1   478.7   517.8   568.0   630.3   743.5  1160.3  5976.4  50219.9    50000
read      375.9   192.4   148.8   196.6   212.3   350.0   418.6   458.9   490.5   529.2   578.2   641.7   763.3  1014.1  7710.1  55079.6    55000
read      355.1   207.3   148.8   192.3   205.6   321.2   382.8   424.7   458.8   501.6   557.6   634.2   775.1  1156.1  6829.7  60015.7    60000
read      361.3   198.0   148.8   192.0   206.0   331.2   396.1   436.1   468.7   509.1   562.2   631.8   771.9  1216.7  7673.0  65092.8    65000
read      353.1   177.7   148.8   192.0   205.7   325.4   386.9   423.3   452.3   489.2   539.3   614.6   744.7  1348.8  5621.6  69773.8    70000
read      355.4   193.0   148.8   191.6   205.6   327.6   390.8   428.2   457.3   493.2   540.2   612.2   748.1  1285.2  7442.2  75032.2    75000
read      355.8   190.7   148.8   192.5   207.1   331.7   395.0   431.6   458.6   490.9   532.9   596.8   722.1  1114.9  7382.4  80063.7    80000
read      369.0   190.3   148.8   194.8   211.5   346.2   411.6   448.7   474.7   506.6   549.1   617.4   750.4  1078.0  6961.1  84916.2    85000
read      382.8   181.1   148.8   203.4   221.6   359.3   423.0   460.4   488.9   523.9   571.1   642.3   787.1  1178.4  5610.8  89744.6    90000
read      360.2   187.6   148.8   194.5   210.3   336.3   393.4   427.6   454.2   487.3   534.7   613.6   782.4  1086.3  6554.4  95113.2    95000
read      648.3   456.6   148.8   352.4   413.2   550.9   643.9   849.9   927.3   978.5  1025.8  1081.0  1175.3  2102.8 13454.1  96623.2   100000
read      481.4   303.2   148.8   210.9   237.8   431.4   519.5   560.4   593.0   657.5   846.4  1009.4  1151.5  1753.9 10463.2 103338.4   105000
read      672.6   341.9   160.7   430.3   454.4   551.8   700.8   901.2   952.2   988.9  1028.3  1079.1  1173.0  3387.2 13220.2  97162.4   110000
Warning! Detected max cpu usage > 95%
CPU Usage Stats (avg/min/max): 84.67%,39.20%,100.00%
----- End Round 5 -----
