#type       avg     std     min      p5     p10     p50     p67     p75     p80     p85     p90     p95     p99    p999   p9999      QPS   target
read      457.8   370.4   173.5   266.2   292.9   431.8   481.5   509.2   530.9   553.9   587.3   641.7   871.9  6076.1 12491.4   7443.6     7434
read      423.1   702.7   160.7   212.5   225.1   317.9   388.6   437.3   476.3   525.9   586.8   697.8  2283.0  9173.0 30502.9  67146.3    67201
read      336.4   379.4   160.7   207.0   218.3   286.6   334.7   369.0   397.6   434.6   483.9   556.2   730.7  4842.1 13045.1  85748.7    85927
read      417.0   567.1   160.7   219.7   232.7   341.2   424.1   476.6   517.0   563.7   621.8   712.3  1148.8  6927.7 30530.5  63859.3    63953
read      441.1   567.4   160.7   220.9   235.3   367.4   477.0   536.8   572.5   609.1   650.3   720.4  1148.6  7051.3 30162.3  31627.3    31595
read      333.6   186.9   160.7   210.6   222.4   294.9   345.0   380.2   408.2   444.7   491.5   561.4   713.4  1943.2  5543.3  87823.4    87879
read      671.1  2010.7   173.5   245.6   270.0   430.4   491.7   525.5   548.2   579.2   623.4   744.8  6563.5 31964.9 39525.6   7239.4     7287
read      374.0   502.5   160.7   208.5   220.3   298.5   364.8   416.9   459.5   510.8   568.8   642.5   980.0  5796.8 26543.0  62195.1    62295
read      592.0  1632.0   173.5   247.6   270.8   416.4   471.0   502.2   524.7   549.0   585.1   671.2  5509.0 31137.4 37695.7   6626.6     6561
read      519.4  1029.4   160.7   218.8   234.1   398.7   511.7   565.9   601.4   638.8   684.3   761.7  3807.0 12105.7 35427.7  22532.1    22532
read      365.2   216.4   160.7   212.6   224.9   314.7   388.2   438.6   477.5   524.3   575.9   640.7   777.7  1940.7  8268.3  60413.0    60653
read      375.5   250.0   160.7   214.6   226.9   322.9   400.5   451.6   490.3   535.5   586.8   654.6   797.4  2878.9  7974.1  59116.4    59076
read      375.7   231.6   160.7   216.9   229.0   327.1   404.1   454.6   492.7   537.0   587.4   653.8   796.7  1589.8  9919.0  60078.1    60154
read      436.8   290.9   160.7   227.5   244.5   403.8   511.7   555.7   582.5   612.6   647.0   700.9   824.5  2974.9 10578.2  23017.5    22964
read      453.9   398.2   173.5   261.4   286.6   434.2   488.2   517.2   537.1   560.1   589.3   639.6   792.5  5095.1 20194.9   8198.2     8172
read      440.8   326.7   160.7   227.9   245.2   402.4   501.2   552.3   584.1   618.6   659.0   718.3   869.7  3207.8 12539.6  27573.0    27652
read      427.7   498.9   160.7   219.7   232.7   354.1   460.4   532.0   574.3   615.8   661.7   727.0  1011.1  5132.7 30415.6  37508.5    37594
read      447.0   451.2   160.7   223.7   239.2   391.7   512.2   561.6   590.3   622.6   661.5   722.0   971.1  5085.5 17132.3  24363.5    24367
read      425.3   385.5   160.7   219.0   231.6   354.2   469.7   539.3   577.9   616.4   659.5   722.8  1034.8  4095.2 15855.6  33751.9    33771
read      349.1   390.1   160.7   212.3   223.8   297.1   348.5   385.6   415.5   454.3   505.7   583.7   791.9  4661.9 14539.1  85011.1    84944
read      350.4   334.9   160.7   213.1   224.7   300.0   353.8   391.1   421.3   459.5   509.9   585.8   801.1  3890.5 10881.4  85806.7    85666
read      405.3   384.2   160.7   217.1   229.5   339.2   426.5   483.9   529.2   578.4   633.5   708.2   994.9  3897.5 13020.5  51886.1    51918
read      428.2   431.8   160.7   220.0   233.0   355.3   469.6   538.0   577.9   617.6   661.7   724.9   979.3  5209.1 17676.2  34480.3    34406
read      440.7   351.2   160.7   222.3   237.1   376.5   504.1   560.9   595.0   631.6   674.3   736.8  1015.4  4100.4 10857.8  28626.1    28664
read      431.3   407.1   160.7   221.7   236.0   361.3   466.2   536.8   581.0   625.0   672.3   736.4  1030.4  4494.7 15558.2  38317.4    38289
read      465.7   507.4   160.7   229.9   247.4   418.9   528.2   571.7   598.8   629.7   668.2   728.2  1109.8  6161.0 28056.0  20615.2    20658
read      458.2   388.2   173.5   238.1   257.8   444.4   518.1   549.6   573.3   598.2   631.6   682.8   855.6  5239.7 15940.1  13821.6    13840
read      355.6   372.7   160.7   214.1   225.9   305.5   358.8   393.9   422.1   457.8   505.8   585.1   874.1  4750.8 11860.3  93342.5    93419
read      336.1   360.2   160.7   210.3   221.9   290.7   335.9   366.5   391.5   424.0   468.5   540.0   740.4  4899.5 12456.6  98161.7    98284
read      378.5   541.1   160.7   212.2   224.1   305.1   367.4   413.1   451.4   499.6   559.1   641.8  1122.4  5539.3 29976.6  71303.1    71313
read      408.2   527.7   160.7   213.4   225.8   330.3   425.4   492.6   537.8   581.8   629.9   694.9   988.1  5216.3 30583.2  42198.6    42089
read      398.7   428.6   160.7   212.9   225.3   324.2   411.1   473.4   519.8   567.0   618.2   687.5   996.0  5028.3 13878.4  46394.0    46458
read      425.6   465.3   160.7   216.7   229.5   351.3   462.3   519.7   554.2   589.6   632.7   700.9  1357.0  5118.4 17367.7  30784.3    30755
read      397.4   432.2   160.7   213.2   225.6   326.3   416.8   477.7   520.2   562.3   611.2   680.9   974.3  4677.9 15504.7  42905.6    42889
read      339.9   377.2   160.7   209.9   221.5   290.9   337.3   369.1   395.4   429.6   475.2   548.5   792.3  4839.0 13234.9  93456.1    93552
read      374.2   420.5   160.7   211.3   223.3   306.0   370.4   419.1   458.8   507.8   565.6   641.8  1009.4  4931.0 13011.2  65630.8    65694
read      426.1   417.9   160.7   218.6   231.2   356.9   471.3   530.6   564.6   599.1   639.8   704.4  1131.7  5138.8 17201.3  29569.3    29574
read      389.5   405.9   160.7   212.1   224.3   317.1   399.0   458.7   505.0   553.9   607.7   677.8   966.8  5028.2 15353.7  51365.2    51355
read      380.5   509.1   160.7   211.8   223.8   306.9   371.5   418.8   456.8   503.9   560.9   640.0  1157.9  6674.8 24905.1  67388.8    67361
read      432.2   383.9   173.5   227.2   243.7   407.9   483.8   520.0   543.1   570.6   603.5   659.4   968.4  4047.5 20679.6  16327.4    16287
read      344.7   448.2   160.7   209.3   220.9   290.8   339.8   375.6   406.3   447.7   501.7   579.2   836.9  4667.5 13566.5  81591.9    81508
read      339.1   343.7   160.7   210.0   221.5   290.8   338.4   371.7   399.8   436.0   485.6   558.7   760.3  4497.9 11948.6  87499.3    87619
read      334.5   376.1   160.7   210.1   221.6   289.6   333.8   363.4   387.2   418.2   461.5   531.4   750.0  4704.0 12562.3  99169.1    99068
read      387.2   420.8   160.7   212.1   224.3   315.8   396.1   454.9   501.6   550.3   600.8   669.4   929.9  5164.1 13151.5  51315.7    51267
read      445.7   442.9   173.5   239.3   259.9   424.1   486.8   518.2   539.1   563.8   592.8   645.1   944.3  5340.0 25992.7  11831.6    11822
read      337.1   422.3   160.7   210.6   222.1   290.8   336.0   366.1   390.7   422.8   466.1   536.6   751.8  4562.3 14963.5  97637.4    97494
read      335.8   429.5   160.7   209.9   221.4   288.9   333.1   362.9   386.8   418.2   461.9   530.7   728.6  5042.0 19057.2  97528.1    97350
read      380.1   421.9   160.7   211.3   223.4   309.8   382.5   438.1   484.0   536.0   589.5   659.2   906.1  4795.5 15399.5  55501.9    55460
read      345.4   357.0   160.7   211.2   222.8   294.3   343.4   378.4   407.2   445.8   497.3   574.6   799.1  4492.7 12537.7  86114.8    85984
read      346.3   407.8   160.7   209.6   221.2   291.4   341.2   377.2   407.9   449.2   502.5   580.0   804.7  4709.0 13172.5  82261.3    82043
read      381.7   380.4   160.7   211.3   223.5   312.8   389.1   446.8   493.3   544.0   598.1   670.4   938.2  4273.7 13374.1  53016.3    52873
read      448.1   495.7   160.7   235.0   253.6   418.0   486.9   521.7   543.9   570.4   601.7   656.7  1012.4  6890.0 18065.2  13947.1    13911
read      391.8   442.0   160.7   213.9   226.1   320.3   400.5   459.2   505.1   554.3   605.1   670.7   906.5  5252.0 18569.8  49870.3    49984
read      438.5   414.4   173.5   248.6   270.7   413.3   466.1   495.5   516.1   540.4   572.9   626.1   905.8  5708.7 15922.5   9288.5     9274
read      427.2   435.9   160.7   220.5   234.2   367.2   474.8   529.3   561.0   593.3   632.5   690.9  1028.4  5042.7 19633.2  27113.7    27187
read      438.1   384.7   160.7   226.6   242.9   405.1   495.0   534.9   560.4   588.1   624.4   681.3  1038.8  5191.3 11347.5  18690.4    18735
read      349.3   346.1   160.7   213.6   225.2   299.3   350.3   386.1   414.7   451.4   500.2   575.6   808.5  4231.6 12107.4  86576.1    86505
read      338.5   356.9   160.7   210.7   222.3   291.7   338.0   369.4   395.3   428.9   474.3   547.4   774.2  4362.2 12365.5  92981.5    93039
read      366.1   481.0   160.7   211.2   223.0   297.8   352.7   393.4   427.9   471.6   531.8   616.3  1128.5  5535.8 20276.7  76010.2    75999
read      419.1   362.2   160.7   219.1   231.6   349.6   460.4   522.6   559.0   595.8   636.6   697.3  1016.6  4450.5 10159.7  32299.0    32324
read      346.1   378.3   160.7   210.6   222.3   294.0   343.6   379.0   408.3   447.2   498.8   575.6   790.0  4905.5 13653.2  84318.1    84255
read      342.0   361.3   160.7   209.4   221.0   290.2   338.9   373.6   403.4   444.5   499.5   576.8   773.1  4461.0 12918.4  81937.4    81759
read      418.4   521.0   160.7   215.1   227.6   337.7   438.1   503.8   544.6   584.9   629.8   695.3  1243.5  5842.3 27405.1  37391.9    37291
read      376.9   364.1   160.7   210.9   222.9   309.9   382.9   438.1   483.2   533.8   586.1   652.8   908.5  4416.4 11038.5  53805.1    53818
read      427.1   511.7   160.7   218.0   230.8   353.9   468.2   526.6   560.8   595.4   635.9   698.7  1119.5  5945.5 21389.4  30275.1    30297
read      418.2   362.7   160.7   217.8   230.3   351.1   465.8   527.9   562.7   597.2   637.9   700.8   971.2  4075.9 12701.1  31570.7    31569
read      406.9   359.8   160.7   214.5   227.0   335.6   437.0   505.6   548.0   589.5   634.6   702.4   980.6  4123.7  9746.2  39003.9    38927
read      457.0   492.5   173.5   242.1   263.7   429.0   489.8   521.5   542.4   568.6   600.8   658.6  1100.2  5793.5 28271.0  10653.3    10652
read      336.6   324.3   160.7   210.7   222.3   291.4   337.8   369.0   394.4   427.3   471.0   541.2   768.0  4199.2  8764.4  97853.6    98119
read      448.8   689.0   160.7   214.6   227.5   341.7   444.6   513.0   559.1   610.9   674.8   785.6  1722.2  8227.3 31727.6  48154.8    48176
read      477.5   732.6   160.7   215.9   229.6   376.4   490.7   553.7   595.0   641.8   703.5   797.6  2101.2  9087.3 31423.7  34925.7    34929
read      410.7   614.3   160.7   213.2   225.6   315.7   386.4   437.8   482.3   538.7   608.5   735.6  1554.2  7088.9 30466.4  69582.7    69735
read      502.6   754.7   160.7   225.0   242.5   420.6   530.6   580.2   614.1   652.3   700.8   783.8  2383.8  8982.1 31520.8  20745.0    20753
read      346.8   383.3   160.7   209.8   221.4   292.1   341.7   377.4   407.4   448.2   502.6   581.8   920.3  4750.5 11722.4  84541.8    84642
read      460.6   684.9   160.7   217.0   230.4   362.1   469.0   536.0   580.3   629.4   689.5   791.7  1535.8  8857.8 31361.8  42369.5    42333
read      438.3   677.8   160.7   214.5   227.2   330.6   415.6   478.1   528.8   586.3   663.2   811.4  1624.9  6827.9 31338.9  61520.2    61587
read      376.5   484.0   160.7   213.0   224.9   306.4   364.9   405.6   440.6   485.2   543.0   632.4  1363.0  5441.7 18399.5  78056.2    77998
read      332.5   332.5   160.7   210.1   221.5   288.3   332.1   362.3   386.8   418.9   463.0   534.6   760.3  4197.2 12173.0  97633.4    97625
read      496.4   801.9   173.5   222.7   239.1   410.3   524.1   578.4   614.3   654.3   703.6   783.1  2044.9  8818.4 35174.9  23688.0    23781
read      412.1   533.4   160.7   213.6   226.0   320.0   395.7   451.8   498.5   555.4   628.1   762.0  1451.7  5817.6 28009.6  66708.1    66723
read      496.1   815.5   160.7   220.4   235.4   392.3   512.2   574.1   615.7   662.7   719.8   807.4  2187.3  9340.4 31981.7  30935.2    31016
read      451.4   647.7   160.7   215.3   228.3   347.1   453.3   523.1   570.2   622.6   688.8   802.6  1573.1  7927.8 30945.6  47383.7    47394
read      351.5   466.0   160.7   211.8   223.5   297.4   347.0   380.4   405.9   440.0   486.6   558.4   838.8  5552.5 23087.8  95311.0    95335
read      519.1  1106.0   173.5   266.4   291.1   420.6   470.1   499.3   520.6   545.6   580.3   641.4  3149.4 17115.6 36095.6   5240.2     5252
read      426.8   604.7   160.7   214.4   227.1   326.9   406.0   464.1   511.7   569.2   642.4   795.8  1588.8  6116.7 30851.7  65817.6    65908
read      438.8   337.1   160.7   227.8   245.0   413.0   496.0   533.5   557.8   584.5   619.5   675.0   975.7  4347.2 10694.6  16923.3    16889
read      392.5   354.8   160.7   212.0   224.4   322.6   414.0   481.4   528.2   572.4   618.5   680.9   889.6  4048.5 11589.9  42833.5    42912
read      338.1   336.0   160.7   211.7   223.5   294.0   339.5   369.9   394.6   426.2   468.7   540.2   791.1  4398.6 12164.0  99929.1    99898
read      450.5   593.6   160.7   220.6   234.6   368.3   482.8   536.5   568.0   600.7   639.4   710.2  1747.1  6999.6 30655.5  26391.2    26385
read      448.8   458.5   160.7   224.8   241.0   396.7   504.1   550.3   579.0   610.6   647.8   712.5  1179.6  4588.4 25092.7  22518.5    22616
read      383.1   231.5   160.7   216.0   228.9   333.6   418.7   472.2   513.5   556.0   603.2   666.4   787.3  1312.7  8829.5  50721.2    50605
read      322.5   157.8   160.7   208.8   220.7   289.6   335.9   367.8   394.1   427.9   471.1   537.0   655.1  1033.4  5704.8  90386.5    90283
read      423.0   243.9   160.7   225.1   241.8   387.6   490.4   538.8   568.1   598.4   633.8   686.7   799.4  1973.7 10120.8  26262.4    26273
read      385.4   214.7   160.7   216.7   229.8   339.1   423.3   475.1   513.4   554.0   599.0   660.3   786.4  1984.6  8687.2  48425.4    48521
read      404.6   227.4   160.7   220.4   234.8   362.6   458.7   514.0   547.7   583.0   622.9   676.7   785.6  2028.8  8535.0  34058.1    34058
read      341.0   161.6   160.7   210.4   222.6   302.3   360.5   400.3   432.4   470.0   518.5   583.8   701.4  1020.8  5968.6  75691.0    75648
read      437.5   289.1   160.7   233.1   251.6   417.6   504.8   542.7   567.9   594.0   628.4   680.0   798.1  2633.8 12446.2  19435.7    19482
read      438.2   271.1   173.5   240.1   260.4   426.7   496.4   529.4   549.7   575.6   606.6   658.0   787.9  3413.6 10798.8  15007.3    15054
read      342.4   180.4   160.7   211.9   224.2   303.7   359.3   397.9   429.6   467.9   518.1   585.5   707.5  1166.2  7954.6  75672.9    75754
read      433.2   366.4   173.5   276.1   301.1   406.2   449.6   473.8   495.0   519.0   549.4   602.7   753.5  5053.5 16817.5   5159.0     5187
read      438.9   259.2   173.5   238.4   259.6   422.3   497.3   534.1   557.9   583.8   616.7   666.1   782.3  2875.6 10742.0  17615.2    17656
read      320.3   152.8   160.7   209.8   221.6   289.7   334.2   364.1   388.4   419.6   461.3   524.1   640.0  1045.6  5196.8  96339.4    96343
read      402.3   217.3   160.7   220.0   234.0   357.9   452.9   509.5   545.2   582.4   624.3   681.5   798.5  1491.7  8310.3  36531.4    36665
read      330.1   168.2   160.7   209.6   221.6   293.8   344.4   380.0   408.3   444.9   491.5   556.1   680.2   995.9  7627.4  85252.8    85269
read      407.4   237.6   160.7   221.2   236.1   367.5   466.5   519.5   549.9   582.8   620.8   673.4   783.0  1529.1 10204.7  31572.6    31525
read      360.4   189.0   160.7   213.9   226.3   316.7   386.7   433.8   468.7   510.8   558.9   620.3   729.8  1236.7  6933.2  61780.2    61798
read      431.5   298.9   173.5   244.9   266.9   419.1   477.0   507.1   527.7   548.5   578.9   623.8   738.5  4046.4 12038.8  12333.5    12253
read      420.3   277.0   160.7   227.5   244.7   391.8   477.8   522.3   550.1   580.2   615.0   662.9   762.7  2382.2 11293.0  25759.4    25710
read      335.1   200.3   160.7   211.2   223.3   298.7   351.1   387.2   415.9   452.0   498.2   562.7   680.6  1048.4  8393.0  79712.5    79937
read      438.3   401.3   173.5   266.0   291.6   414.7   459.9   485.1   503.3   525.6   550.2   594.8   738.9  6963.4 15740.0   7319.8     7271
read      328.2   176.1   160.7   210.2   222.1   293.1   341.6   375.1   402.8   438.3   484.7   549.7   673.0  1022.1  8050.5  85822.0    85861
read      320.3   176.3   160.7   209.1   220.7   287.4   332.6   363.9   389.3   422.2   465.3   530.4   642.7  1068.6  7704.8  91483.8    91467
read      342.3   184.2   160.7   210.8   222.8   301.7   361.8   403.0   436.3   475.1   524.1   585.6   690.1   986.2  7242.6  72149.5    72217
read      405.5   248.9   160.7   222.4   237.6   366.0   462.2   515.0   545.7   577.8   613.9   662.4   762.7  2029.2 10617.7  30997.9    31080
read      338.0   167.4   160.7   210.5   222.5   299.2   356.7   396.1   427.6   464.9   511.6   575.6   686.7   997.4  6725.3  76866.4    76878
read      330.8   173.9   160.7   210.0   221.8   294.3   345.4   381.8   410.5   446.7   492.4   556.7   679.5  1003.7  6405.3  84517.0    84584
read      437.9   321.0   173.5   245.7   267.6   425.7   485.8   517.9   537.7   560.5   588.5   632.3   738.2  4040.4 12856.8  12493.1    12492
read      373.5   220.0   160.7   218.1   230.7   328.5   401.8   451.1   487.7   530.0   577.5   636.7   750.4  1686.0  8533.3  56973.6    57106
read      320.8   139.1   160.7   210.4   222.4   291.6   336.0   365.6   389.5   420.0   460.6   523.0   639.1   932.3  4697.4  96350.3    96245
read      449.3   367.4   187.4   270.5   296.6   423.8   470.6   498.6   518.3   541.5   575.0   631.4   804.4  5722.7 14291.5   6772.5     6791
read      324.1   187.0   160.7   209.5   221.4   290.9   337.1   368.6   394.9   428.5   471.6   538.3   661.5  1093.3  7681.5  90531.0    90728
read      444.8   426.3   173.5   277.0   301.6   411.6   456.7   482.5   502.9   527.8   557.9   611.1   792.3  6682.1 16044.7   5187.1     5151
read      332.8   177.2   160.7   209.7   221.8   295.6   347.5   384.5   413.8   450.8   497.7   563.5   684.6   995.7  8231.0  82883.7    82969
read      395.4   235.3   160.7   219.2   232.8   350.2   438.6   493.3   531.7   570.9   614.0   672.6   788.9  1691.4  9583.4  42763.2    42635
read      317.7   183.7   160.7   208.6   220.3   286.7   329.7   359.0   382.0   411.8   453.0   513.8   638.1  1412.8  6352.0  99211.4    99337
read      321.0   148.3   160.7   209.5   221.3   289.6   335.6   366.9   392.0   423.9   466.1   530.8   650.8   871.9  6018.8  95166.0    95192
read      357.5   201.1   160.7   214.9   227.2   314.9   378.7   423.4   457.5   499.1   549.2   618.9   738.4  1192.0  8248.3  69150.4    69200
read      379.5   204.6   160.7   218.4   230.9   334.1   415.1   466.1   504.4   545.3   590.7   650.3   767.7  1099.1  7978.3  49468.2    49459
read      419.5   300.9   160.7   224.7   240.9   379.4   478.5   528.8   559.6   592.1   631.3   686.6   804.4  2169.5 15666.5  29011.4    29055
read      358.2   187.1   160.7   214.5   226.9   314.2   380.2   427.1   462.9   505.7   556.0   621.3   735.3  1084.2  7914.9  64347.1    64324
read      443.8   395.4   173.5   270.8   296.7   416.8   461.4   488.5   508.2   532.6   563.3   620.2   793.6  6656.0 15924.1   5722.9     5705
read      331.1   182.9   160.7   210.1   222.0   294.6   345.4   381.3   409.7   446.5   493.3   559.9   684.9  1002.6  6833.8  84510.3    84816
read      428.0   283.9   160.7   227.5   244.9   396.4   496.6   541.5   569.2   597.7   632.2   683.1   797.3  2643.6 11807.4  23855.9    23714
read      346.9   171.2   160.7   211.9   224.1   307.0   367.2   408.6   441.9   481.1   530.1   594.8   719.2  1037.7  5648.1  74056.8    74116
read      433.8   273.4   160.7   231.7   250.2   412.0   500.6   539.6   564.7   590.7   624.9   675.8   798.9  3281.8 11611.4  19962.6    19948
read      392.8   230.0   160.7   219.3   232.6   346.9   435.0   489.5   528.2   568.1   612.2   671.1   784.2  1328.3 10460.3  44208.6    44213
read      435.0   249.5   160.7   233.0   251.4   416.3   503.3   540.7   565.3   591.1   625.7   676.5   790.6  3095.7  9935.3  19510.0    19454
read      448.8   381.6   173.5   267.5   294.4   425.1   473.9   503.5   524.9   547.7   581.8   635.7   776.5  6312.5 14844.4   7186.3     7190
read      390.5   212.6   160.7   220.3   233.8   346.4   430.5   481.2   517.9   558.3   604.2   665.8   783.5  1611.4  8123.8  47610.2    47657
read      389.1   207.4   160.7   217.9   230.8   341.7   430.0   486.1   526.2   566.9   611.4   670.2   785.4  1194.7  8446.1  44342.7    44399
read      446.7   384.1   173.5   271.2   298.4   421.8   468.2   496.5   516.3   539.1   570.9   625.0   776.8  5473.6 18276.2   6492.3     6481
read      446.5   380.6   173.5   273.8   299.3   418.1   464.4   492.1   511.2   536.5   568.7   622.7   781.0  6792.7 14063.8   5794.4     5807
read      333.2   164.9   160.7   210.1   222.1   295.6   347.8   385.1   414.4   451.6   499.6   568.1   690.9  1016.6  6133.8  83154.5    83137
read      448.1   293.0   160.7   258.3   283.6   431.3   487.4   518.0   537.7   561.4   592.1   643.9   780.3  4553.3 11274.6   9545.3     9580
read      411.1   206.7   160.7   224.0   240.2   380.1   464.6   512.5   544.5   579.2   619.2   675.5   793.0  1341.6  7969.4  37348.2    37385
read      413.0   213.6   160.7   223.4   239.0   377.5   469.2   521.9   554.9   589.4   629.3   684.0   798.0  1198.9  9160.5  33682.2    33706
read      411.5   224.3   160.7   222.0   237.1   371.1   465.5   520.6   554.9   590.8   631.8   687.6   800.0  2247.9  8481.5  35268.4    35204
read      380.9   218.9   160.7   217.9   230.4   334.1   416.1   468.4   508.2   550.1   595.1   653.3   760.2  1257.5  8110.3  50388.9    50438
read      381.3   237.3   160.7   216.7   229.4   332.1   415.4   469.3   510.6   553.2   598.1   657.7   767.9  1597.2  9648.2  48963.5    48878
read      400.3   223.0   160.7   222.4   237.7   353.3   443.7   501.1   540.8   581.6   626.1   684.1   796.6  1242.5  8572.3  42674.1    42682
read      433.6   290.5   160.7   228.5   246.5   395.8   498.5   547.0   576.9   609.0   645.1   700.8   833.8  3493.5 11527.4  27385.4    27416
read      357.6   189.7   160.7   212.1   224.5   312.1   379.6   427.4   463.5   507.5   558.5   625.3   742.9  1254.6  7550.8  64422.7    64424
read      357.2   186.0   160.7   211.8   224.2   313.0   382.0   428.9   464.1   506.9   556.4   621.5   736.0  1207.5  6732.5  64375.1    64364
read      441.9   361.5   187.4   276.6   302.1   413.8   458.6   484.9   504.6   529.7   560.6   616.6   788.1  5686.8 14804.3   5467.2     5481
read      439.0   269.4   160.7   230.7   250.0   413.0   500.6   544.6   573.7   605.0   640.1   693.1   815.0  2638.9 11499.5  26075.4    26227
read      428.1   258.6   160.7   227.5   245.3   399.4   490.8   537.3   566.3   595.6   632.1   684.9   799.4  1610.1 10663.5  26496.2    26586
read      331.5   170.1   160.7   210.5   222.5   296.6   347.7   382.5   409.8   445.2   489.7   551.4   679.3  1065.9  7058.9  86262.3    86286
read      423.1   237.9   160.7   227.3   244.4   393.4   490.8   535.0   562.1   590.3   625.5   675.4   785.3  2280.7  8978.3  24395.6    24452
read      417.5   229.5   160.7   225.0   241.6   383.5   482.9   530.7   559.0   588.6   624.2   675.1   784.7  1817.0  9314.1  26785.8    26832
read      414.9   242.5   160.7   223.5   239.2   375.4   475.8   528.3   559.3   591.7   629.8   684.3   795.4  1492.9 11100.0  29788.5    29795
read      387.0   213.2   160.7   217.2   230.0   339.1   426.9   482.3   523.2   565.0   610.3   668.3   773.6  1477.8  8449.4  46235.6    46224
read      330.7   168.8   160.7   209.8   221.8   294.1   344.0   379.3   408.8   446.5   494.8   562.3   686.3   958.7  6436.6  84666.1    84587
read      358.9   201.8   160.7   211.9   224.4   314.6   384.5   431.3   466.3   508.9   557.6   622.0   739.4  1119.2  7973.0  63408.8    63389
read      385.9   214.8   160.7   215.7   228.8   340.0   426.2   480.7   520.7   562.1   607.4   666.5   778.5  1208.1  7401.3  46934.4    46953
read      323.6   147.1   160.7   209.1   221.0   290.4   337.8   370.5   397.2   431.3   474.2   539.2   655.4   996.0  5514.1  90537.9    90536
read      445.1   322.9   173.5   246.7   269.9   430.5   492.9   524.9   545.7   571.3   601.1   652.0   781.9  3932.0 15387.1  12594.4    12508
read      404.6   222.7   160.7   221.5   236.2   367.8   455.9   506.9   541.2   577.4   618.1   673.9   787.3  1454.2  8241.0  38435.8    38491
read      317.1   158.2   160.7   208.9   220.7   287.3   330.9   360.3   383.7   413.7   454.6   514.5   634.7   962.4  5781.9  97789.5    97806
read      444.7   310.7   160.7   245.9   268.9   431.6   491.4   522.2   542.4   567.5   597.0   646.1   782.5  4274.5 12496.7  11752.5    11813
read      402.8   239.2   160.7   221.7   236.2   363.1   452.1   503.8   538.9   575.4   616.8   673.7   785.2  1299.8 10073.2  39604.7    39665
read      373.7   228.3   160.7   216.0   228.6   326.7   404.6   456.2   495.4   538.9   586.0   646.4   755.9  1017.4  8649.2  53599.7    53571
read      358.8   196.9   160.7   212.7   225.2   313.3   381.9   430.1   466.1   509.4   558.3   622.2   739.1  1422.9  7864.2  63122.6    63215
read      336.0   176.9   160.7   210.0   222.0   296.6   351.7   391.0   422.4   460.5   508.8   574.7   689.4  1012.5  6225.4  78762.8    78767
read      447.5   310.9   173.5   262.0   288.1   428.7   481.1   509.4   530.8   553.2   585.5   635.0   774.3  4545.2 12084.8   8605.8     8615
read      356.1   209.6   160.7   212.9   225.2   313.4   379.9   424.7   458.8   499.7   547.8   614.3   734.8  1072.9  7472.6  67912.5    67903
read      435.9   238.5   160.7   236.3   255.7   424.4   501.1   536.2   558.8   583.7   616.1   664.8   776.3  2592.9  8515.9  16371.8    16398
read      376.5   203.8   160.7   215.6   228.5   330.7   411.9   463.7   502.4   544.3   590.1   649.1   752.7  1017.2  7951.9  53416.2    53434
read      399.5   238.0   160.7   219.6   233.0   353.5   448.0   505.7   542.6   579.4   619.7   674.4   787.1  1933.4  9549.0  38050.2    38068
read      442.9   359.5   173.5   257.3   282.0   422.9   474.3   504.8   525.9   547.7   579.8   629.6   759.4  4870.5 17493.1   9120.9     9130
read      350.8   181.0   160.7   212.8   225.3   310.7   371.2   413.7   447.5   488.3   537.8   601.9   720.8  1101.1  6944.9  69320.3    69227

Total QPS = 49306.0 (88750728 / 1800.0s)

minjingshi@client-measure-w8mj:~/memcache-perf-dynamic$ ./mcperf -s 10.0.16.2 -a 10.0.16.3 --noload -T 16 -C 4 -D 4 -Q 1000 -c 4 -t 1800 --qps_interval 10 --qps_min 5000 --qps_max 100000 --qps_seed 3274
Random waveform, supplied seedTotal number of intervals = 180 (7434, 67201, 85927, 63953, 
31595, 87879, 7287, 62295, 6561, 
22532, 60653, 59076, 60154, 22964,
 8172, 27652, 37594, 24367, 33771, 
 84944, 85666, 51918, 34406, 28664, 
 38289, 20658, 13840, 93419, 98284,
  71313, 42089, 46458, 30755, 42889, 
  93552, 65694, 29574, 51355, 67361, 
  16287, 81508, 87619, 99068, 51267, 
  11822, 97494, 97350, 55460, 85984, 
  82043, 52873, 13911, 49984, 9274, 
  27187, 18735, 86505, 93039, 75999, 
  32324, 84255, 81759, 37291, 53818, 
  30297, 31569, 38927, 10652, 98119, 
  48176, 34929, 69735, 20753, 84642, 
  42333, 61587, 77998, 97625, 23781, 
  66723, 31016, 47394, 95335, 5252, 
  65908, 16889, 42912, 99898, 26385, 
  22616, 50605, 90283, 26273, 48521, 
  34058, 75648, 19482, 15054, 75754, 
  5187, 17656, 96343, 36665, 85269, 
  31525, 61798, 12253, 25710, 79937, 
  7271, 85861, 91467, 72217, 31080, 
  76878, 84584, 12492, 57106, 96245, 
  6791, 90728, 5151, 82969, 42635, 
  99337, 95192, 69200, 49459, 29055, 
  64324, 5705, 84816, 23714, 74116, 
  19948, 44213, 19454, 7190, 47657, 
  44399, 6481, 5807, 83137, 9580, 
  37385, 33706, 35204, 50438, 48878, 
  42682, 27416, 64424, 64364, 5481,
   26227, 26586, 86286, 24452, 26832, 
   29795, 46224, 84587, 63389, 46953, 
   90536, 12508, 38491, 97806, 11813, 
   39665, 53571, 63215, 78767, 8615, 
   67903, 16398, 53434, 38068, 9130, 69227)
Average QPS expected = 49317
Timestamp start: 1683993235106
Timestamp end: 1683995035613

jobs done: 886s