	docker pull anakli/cca:parsec_blackscholes 
	docker pull anakli/cca:parsec_canneal 
	docker pull anakli/cca:parsec_ferret  
	docker pull anakli/cca:parsec_dedup  
	docker pull anakli/cca:parsec_freqmine  
	docker pull anakli/cca:splash2x_radix 
    docker pull anakli/cca:parsec_vips

    ./mcperf -s 10.0.16.3 -a 10.0.16.2 \
--noload -T 16 -C 4 -D 4 -Q 1000 -c 4 -t 30 \
--qps_interval 2 --qps_min 5000 --qps_max 100000

#type       avg     std     min      p5     p10     p50     p67     p75     p80     p85     p90     p95     p99    p999   p9999      QPS   target
read      403.0   227.9   173.5   237.6   257.5   392.6   450.9   478.1   497.2   518.7   544.6   587.3   685.0  1806.2  7934.6  21785.5    21927
read      368.1   223.5   173.5   225.8   241.6   343.0   394.8   426.5   450.8   479.0   513.8   568.4   717.0  1775.0  7754.4  59573.5    59882
read      444.1   415.5   187.4   245.1   268.3   395.0   434.8   458.6   475.2   501.2   538.6   623.9  1969.0  7134.9 12081.6   8719.0     8821
read      452.5   389.8   173.5   241.7   262.6   400.7   449.6   474.5   496.6   523.1   560.7   658.0  2275.4  5684.8  9195.0  11367.0    11290
read      451.0   724.8   160.7   222.9   236.9   328.2   392.8   438.4   480.9   545.3   669.4   951.9  2382.6  7191.1 32087.8  81302.0    81077
read      363.5   346.7   160.7   219.4   231.3   312.3   364.7   400.8   431.2   467.3   514.4   600.6  1145.9  3194.4 10157.1  74419.0    74450
read      385.2   276.8   160.7   224.0   238.4   343.9   429.1   471.5   497.7   525.8   557.3   602.6   708.7  3220.1 12359.1  33729.0    33621
read      390.6   228.4   160.7   225.1   239.7   354.8   446.8   486.9   510.9   536.1   567.2   614.2   731.1  3093.3  7087.2  30110.5    30364
read      391.8   164.9   160.7   236.3   252.8   393.3   439.4   459.7   472.6   492.1   513.1   549.4   640.8  1535.3  7533.8  15065.0    15032
read      333.0   201.4   160.7   218.7   229.6   303.2   345.0   372.8   396.4   426.4   464.4   520.9   678.1  1972.9  9810.7  83295.0    83084
read      340.9   190.5   160.7   219.2   230.6   309.7   359.4   393.0   419.9   452.1   489.8   541.0   647.4  1368.8  7746.7  68020.5    67582
read      375.0   185.9   173.5   222.7   237.0   342.6   422.6   461.4   485.8   510.9   541.4   587.0   686.2  1660.8  8415.9  33624.5    33458
read      363.4   262.6   173.5   221.2   234.3   324.3   390.2   433.0   464.3   497.5   534.7   583.7   685.1  1841.9  8831.0  49131.0    48948
read      333.1   166.6   160.7   218.5   229.2   304.1   348.8   378.9   403.4   435.5   473.8   528.5   641.8  1558.5  6930.7  75914.5    75974
read      330.1   202.0   160.7   218.6   229.4   302.5   344.4   371.7   394.2   423.0   460.9   513.7   639.9  1246.0  9291.9  84301.5    84532