----- Start Round 1 -----
1684073197.034747 [0.0, 0.0, 2.0, 1.0]
1684073198.0361595 [0.0, 0.0, 0.0, 0.0]
1684073199.037546 [1.0, 0.0, 1.0, 0.0]
1684073200.0389411 [2.0, 1.0, 0.0, 2.0]
1684073201.0403323 [0.0, 0.0, 0.0, 0.0]
1684073202.041733 [0.0, 2.0, 0.0, 1.0]
1684073203.0431054 [1.0, 0.0, 1.0, 0.0]
1684073204.044485 [0.0, 1.0, 0.0, 0.0]
1684073205.0458322 [1.0, 0.0, 1.0, 1.0]
1684073206.0471907 [0.0, 1.0, 1.0, 1.0]
1684073207.0485432 [0.0, 0.0, 0.0, 1.0]
1684073208.0498748 [0.0, 0.0, 1.0, 0.0]
1684073209.051245 [1.0, 1.0, 1.0, 1.0]
1684073210.0526226 [1.0, 0.0, 1.0, 1.0]
1684073211.0539927 [1.0, 0.0, 1.0, 0.0]
1684073212.0553472 [15.7, 5.9, 2.0, 3.0]
1684073213.0558512 [14.7, 3.0, 3.9, 2.0]
1684073214.0572045 [17.3, 5.0, 4.0, 2.0]
1684073215.0585482 [17.9, 4.9, 4.9, 4.0]
1684073216.0598626 [18.6, 4.9, 3.0, 5.0]
1684073217.0612054 [3.0, 2.0, 2.0, 0.0]
1684073218.0625653 [2.9, 0.0, 1.0, 0.0]
1684073219.063941 [37.7, 5.8, 5.0, 6.8]
1684073220.0652816 [40.1, 4.0, 4.1, 5.0]
1684073221.0666416 [38.1, 4.0, 4.0, 4.0]
1684073222.068066 [39.0, 6.8, 8.7, 4.0]
1684073223.0694249 [36.8, 4.0, 7.8, 5.9]
1684073224.070789 [1.0, 1.0, 1.0, 1.0]
1684073225.0721617 [18.3, 1.0, 2.0, 1.0]
1684073226.0735114 [48.1, 3.1, 6.1, 3.1]
1684073227.0748565 [48.7, 6.9, 7.9, 9.6]
1684073228.0762706 [47.7, 9.5, 10.6, 7.8]
1684073229.0776448 [47.7, 9.5, 4.1, 6.9]
1684073230.0783162 [41.5, 5.0, 5.1, 6.9]
1684073231.079758 [1.0, 2.0, 1.0, 0.0]
1684073232.0811384 [29.6, 2.0, 1.0, 3.0]
1684073233.0825121 [55.2, 8.0, 3.1, 5.1]
1684073234.083233 [55.8, 7.9, 5.1, 7.1]
1684073235.0838995 [54.9, 3.1, 5.1, 6.1]
1684073236.0855188 [54.4, 9.7, 4.1, 6.1]
1684073237.087067 [37.3, 5.9, 2.0, 2.1]
1684073238.0884585 [1.0, 0.0, 0.0, 0.0]
1684073239.089836 [43.1, 6.0, 2.1, 5.1]
1684073240.0913312 [58.9, 4.3, 4.2, 6.3]
1684073241.0929823 [58.1, 7.1, 2.1, 5.2]
1684073242.0943615 [58.4, 10.9, 7.1, 7.2]
1684073243.0959046 [58.0, 7.1, 3.2, 4.2]
1684073244.097453 [27.5, 3.0, 4.0, 2.1]
1684073245.098946 [1.0, 0.0, 0.0, 0.0]
1684073246.100326 [56.5, 8.1, 1.1, 8.1]
1684073247.1016872 [61.5, 8.2, 6.3, 4.3]
1684073248.1030931 [62.8, 4.3, 4.3, 7.2]
1684073249.104586 [63.3, 5.3, 4.3, 4.3]
1684073250.105995 [62.4, 8.2, 7.4, 5.3]
1684073251.1076317 [12.1, 2.0, 1.0, 1.0]
1684073252.1090703 [10.6, 4.0, 2.0, 3.0]
1684073253.1104372 [64.1, 6.5, 5.3, 6.4]
1684073254.1112342 [64.5, 6.5, 5.3, 8.3]
1684073255.1127613 [64.3, 8.5, 6.2, 5.4]
1684073256.1141582 [64.7, 9.5, 9.2, 7.3]
1684073257.1157172 [59.2, 9.3, 7.1, 6.3]
1684073258.117182 [1.0, 0.0, 1.0, 1.0]
1684073259.1185336 [28.1, 3.0, 0.0, 3.1]
1684073260.1199765 [67.8, 11.0, 9.8, 6.6]
1684073261.121689 [66.9, 5.3, 7.6, 4.5]
1684073262.1227438 [67.1, 8.2, 9.7, 5.4]
1684073263.1240187 [66.7, 5.2, 4.5, 4.3]
1684073264.12543 [51.5, 3.1, 4.3, 5.2]
1684073265.126821 [0.0, 1.0, 2.0, 0.0]
1684073266.1282105 [43.9, 5.2, 1.1, 5.3]
1684073267.1297383 [68.5, 9.7, 6.5, 6.7]
1684073268.1311917 [68.8, 7.6, 2.2, 4.5]
1684073269.1327908 [67.8, 14.3, 8.5, 14.3]
1684073270.134232 [67.6, 12.2, 5.4, 8.6]
1684073271.1358256 [36.4, 5.1, 4.1, 2.1]
1684073272.1373081 [0.0, 0.0, 1.0, 0.0]
1684073273.1386547 [59.7, 4.3, 3.3, 3.4]
1684073274.1401904 [69.8, 5.4, 5.4, 11.6]
1684073275.1412883 [68.8, 5.3, 4.3, 4.4]
1684073276.142684 [69.9, 5.3, 2.2, 3.4]
1684073277.143619 [68.5, 6.3, 4.3, 4.4]
1684073278.1451235 [21.8, 0.0, 1.0, 3.0]
1684073279.1465433 [1.0, 0.0, 1.0, 0.0]
1684073280.1478925 [75.0, 10.0, 5.6, 10.8]
1684073281.149311 [72.6, 8.4, 3.3, 4.4]
1684073282.150792 [73.0, 6.6, 7.4, 3.3]
1684073283.1522937 [72.8, 5.5, 3.3, 3.3]
1684073284.1538048 [73.0, 5.5, 4.4, 2.3]
1684073285.1552653 [1.0, 1.0, 0.0, 0.0]
1684073286.1567054 [21.9, 1.0, 0.0, 1.0]
1684073287.1583009 [76.3, 6.5, 7.7, 6.5]
1684073288.159897 [76.3, 4.4, 5.7, 3.4]
1684073289.1614864 [76.2, 5.4, 6.7, 3.3]
1684073290.162898 [76.9, 5.5, 4.6, 7.6]
1684073291.1643953 [62.1, 5.3, 1.1, 2.2]
1684073292.165809 [0.0, 1.0, 0.0, 0.0]
1684073293.167243 [40.7, 1.1, 2.2, 1.1]
1684073294.1685512 [78.3, 5.6, 9.0, 8.5]
1684073295.1700459 [78.0, 7.7, 5.8, 2.3]
1684073296.1715124 [77.5, 6.6, 4.7, 5.5]
1684073297.1722386 [77.3, 10.5, 7.9, 9.5]
1684073298.1738527 [47.8, 3.2, 5.3, 1.1]
1684073299.1752603 [1.0, 0.0, 0.0, 1.0]
1684073300.1766548 [59.8, 3.3, 3.2, 3.3]
1684073301.1781867 [83.5, 5.7, 5.5, 5.6]
1684073302.1797707 [83.3, 4.6, 5.6, 7.8]
1684073303.1813192 [83.3, 3.5, 4.4, 4.6]
1684073304.1827362 [84.0, 7.9, 3.4, 7.8]
1684073305.18425 [29.5, 1.1, 3.1, 2.1]
1684073306.1856964 [0.0, 0.0, 0.0, 0.0]
1684073307.1870408 [79.5, 7.5, 3.4, 3.5]
1684073308.188596 [85.5, 5.6, 2.3, 9.0]
1684073309.1901207 [85.5, 5.6, 7.8, 3.6]
1684073310.1916943 [86.2, 8.7, 4.6, 8.0]
1684073311.193274 [85.5, 5.6, 6.7, 6.9]
1684073312.1948261 [9.9, 1.0, 1.0, 1.0]
1684073313.1962194 [12.0, 1.0, 0.0, 0.0]
1684073314.1977346 [92.5, 3.5, 2.3, 2.4]
1684073315.1992965 [90.3, 6.9, 5.5, 6.9]
1684073316.2008193 [90.8, 5.7, 3.4, 4.7]
1684073317.2022982 [91.8, 4.7, 4.4, 4.8]
1684073318.2038457 [80.7, 6.7, 4.4, 2.4]
1684073319.2052903 [0.0, 0.0, 1.0, 1.0]
1684073320.2066612 [34.7, 3.2, 2.1, 3.2]
1684073321.2081444 [94.3, 3.6, 3.5, 3.6]
1684073322.2097208 [97.1, 7.1, 4.6, 4.8]
1684073323.211334 [95.3, 4.7, 3.4, 4.7]
1684073324.2128186 [93.5, 3.5, 3.5, 2.4]
1684073325.2143476 [62.1, 5.4, 2.2, 3.3]
1684073326.215765 [0.0, 2.0, 0.0, 2.0]
1684073327.2171369 [58.6, 1.1, 5.4, 3.3]
1684073328.2186756 [99.0, 3.5, 3.6, 2.4]
1684073329.2202926 [100.0, 7.7, 8.0, 9.1]
1684073330.221784 [100.0, 5.7, 3.7, 2.4]
1684073331.223442 [100.0, 4.7, 2.4, 7.1]
1684073332.2250617 [42.0, 2.1, 3.2, 1.1]
1684073333.2265327 [0.0, 1.0, 1.0, 0.0]
1684073334.2278886 [82.0, 2.3, 3.5, 3.5]
1684073335.229343 [100.0, 1.2, 1.2, 5.9]
1684073336.230923 [100.0, 3.5, 6.0, 8.2]
1684073337.2316937 [100.0, 3.5, 3.7, 6.0]
1684073338.2333524 [99.0, 1.2, 4.9, 4.8]
1684073339.2348027 [20.0, 1.0, 0.0, 3.1]
1684073340.2362192 [4.0, 1.0, 1.0, 0.0]
1684073341.2377186 [100.0, 2.3, 7.3, 2.4]
1684073342.239174 [100.0, 4.5, 3.8, 7.8]
1684073343.2405927 [100.0, 1.1, 5.0, 3.4]
1684073344.2420928 [100.0, 4.5, 6.1, 3.5]
1684073345.2436633 [96.0, 2.3, 2.5, 4.6]
1684073346.2451348 [0.0, 1.0, 0.0, 0.0]
1684073347.2465916 [27.0, 2.1, 3.1, 3.1]
1684073348.248141 [100.0, 8.1, 8.1, 8.0]
1684073349.2496448 [100.0, 3.7, 4.7, 2.4]
1684073350.2512167 [100.0, 6.0, 3.6, 4.7]
1684073351.25284 [100.0, 4.8, 3.6, 4.6]
1684073352.254385 [74.0, 3.4, 5.6, 6.5]
1684073353.2558384 [0.0, 0.0, 0.0, 1.0]
1684073354.25721 [49.5, 4.3, 2.2, 0.0]
1684073355.258681 [100.0, 1.3, 3.4, 1.2]
1684073356.2603133 [100.0, 8.3, 5.6, 6.8]
1684073357.2617838 [100.0, 7.1, 2.3, 5.7]
1684073358.2632737 [100.0, 8.2, 2.3, 3.5]
1684073359.2647886 [51.5, 3.3, 2.2, 2.2]
1684073360.2661912 [2.0, 1.0, 1.0, 2.0]
1684073361.2675986 [71.0, 4.5, 3.4, 1.1]
1684073362.2691784 [100.0, 5.9, 7.1, 4.7]
1684073363.2707589 [100.0, 3.5, 2.5, 1.2]
1684073364.27195 [100.0, 7.0, 3.7, 6.9]
1684073365.2733 [100.0, 3.6, 5.9, 4.7]
1684073366.2747886 [29.0, 4.1, 3.1, 1.0]
1684073367.2761643 [1.0, 0.0, 0.0, 0.0]
1684073368.2775025 [93.0, 3.7, 3.6, 1.2]
1684073369.278976 [100.0, 3.8, 6.9, 2.4]
1684073370.2805018 [100.0, 9.4, 8.0, 6.9]
1684073371.28199 [100.0, 2.6, 2.4, 1.2]
1684073372.2836237 [100.0, 12.6, 8.1, 9.2]
1684073373.2852068 [7.0, 2.0, 2.0, 1.0]
1684073374.2866185 [17.8, 0.0, 0.0, 1.0]
1684073375.288096 [100.0, 9.3, 6.0, 8.3]
1684073376.2896516 [100.0, 7.1, 3.6, 3.8]
1684073377.2912784 [100.0, 8.1, 9.2, 11.8]
1684073378.2920167 [100.0, 4.9, 4.8, 6.1]
1684073379.2936234 [83.8, 6.8, 3.5, 3.6]
1684073380.2950733 [1.0, 0.0, 1.0, 0.0]
1684073381.2964377 [0.0, 0.0, 1.0, 0.0]
----- End Round 1 -----
----- Start Round 2 -----
1684073528.3299968 [0.0, 0.0, 1.0, 1.0]
1684073529.3314035 [0.0, 0.0, 0.0, 0.0]
1684073530.3327944 [0.0, 0.0, 0.0, 1.0]
1684073531.3341978 [1.0, 0.0, 0.0, 0.0]
1684073532.335704 [1.0, 1.0, 1.0, 0.0]
1684073533.3370836 [0.0, 0.0, 0.0, 0.0]
1684073534.338477 [1.0, 0.0, 0.0, 1.0]
1684073535.339835 [0.0, 0.0, 2.0, 0.0]
1684073536.341194 [1.0, 0.0, 1.0, 1.0]
1684073537.3425708 [0.0, 0.0, 1.0, 1.0]
1684073538.343922 [0.0, 2.0, 0.0, 0.0]
1684073539.3452837 [1.0, 1.0, 0.0, 1.0]
1684073540.3459768 [1.0, 0.0, 2.0, 1.0]
1684073541.347352 [1.0, 2.0, 0.0, 0.0]
1684073542.348707 [0.0, 0.0, 1.0, 1.0]
1684073543.3500562 [1.0, 0.0, 0.0, 0.0]
1684073544.3514204 [1.0, 1.0, 0.0, 1.0]
1684073545.352771 [21.6, 3.0, 2.0, 2.0]
1684073546.354147 [22.9, 5.8, 3.0, 4.9]
1684073547.355652 [18.6, 3.9, 4.9, 3.0]
1684073548.3570516 [21.4, 3.0, 3.0, 4.9]
1684073549.3584073 [20.9, 1.0, 5.7, 3.0]
1684073550.359853 [2.0, 1.0, 1.0, 0.0]
1684073551.3612206 [6.7, 1.0, 0.0, 3.0]
1684073552.3625674 [42.9, 10.6, 12.3, 7.8]
1684073553.363984 [42.3, 5.0, 3.0, 3.0]
1684073554.3653536 [39.9, 5.9, 4.0, 4.0]
1684073555.3667102 [41.4, 5.9, 4.0, 6.8]
1684073556.3681023 [35.3, 5.0, 3.0, 5.0]
1684073557.3694406 [0.0, 0.0, 0.0, 0.0]
1684073558.3708005 [20.0, 0.0, 2.0, 0.0]
1684073559.3722773 [48.7, 6.9, 6.9, 6.9]
1684073560.373688 [48.1, 10.5, 6.1, 6.9]
1684073561.3751817 [48.4, 5.9, 7.9, 5.1]
1684073562.3766024 [48.1, 5.9, 11.4, 10.6]
1684073563.3779602 [36.0, 4.0, 4.0, 3.0]
1684073564.379325 [0.0, 0.0, 1.0, 0.0]
1684073565.3808582 [37.8, 1.0, 3.1, 1.0]
1684073566.3822963 [53.8, 4.1, 8.9, 10.7]
1684073567.3838751 [54.4, 8.7, 8.1, 9.7]
1684073568.385262 [54.1, 7.0, 8.9, 4.1]
1684073569.3866298 [56.1, 10.6, 11.7, 9.8]
1684073570.3878942 [30.2, 2.0, 3.0, 4.0]
1684073571.3892913 [0.0, 0.0, 1.0, 0.0]
1684073572.390672 [50.3, 7.1, 4.1, 7.1]
1684073573.3920648 [58.4, 7.2, 2.1, 4.3]
1684073574.3934827 [58.5, 7.3, 5.2, 6.2]
1684073575.3951128 [59.0, 10.9, 3.1, 3.2]
1684073576.3965952 [59.0, 9.2, 7.1, 10.8]
1684073577.397974 [21.6, 4.0, 2.0, 2.0]
1684073578.3993409 [0.0, 1.0, 1.0, 1.0]
1684073579.4007268 [60.4, 11.8, 4.3, 3.3]
1684073580.402155 [60.5, 10.1, 9.2, 7.4]
1684073581.4037616 [60.9, 10.8, 7.3, 4.3]
1684073582.4052773 [60.9, 10.0, 6.3, 11.0]
1684073583.406667 [61.1, 6.3, 6.3, 6.3]
1684073584.408166 [3.9, 1.0, 1.0, 0.0]
1684073585.4096167 [14.8, 2.0, 0.0, 0.0]
1684073586.4109743 [64.9, 5.3, 5.6, 6.4]
1684073587.4126315 [64.9, 8.2, 11.6, 8.5]
1684073588.4139926 [64.9, 4.2, 9.6, 9.3]
1684073589.4156647 [64.1, 5.3, 7.6, 4.3]
1684073590.4171014 [56.3, 5.2, 5.4, 3.2]
1684073591.4185216 [1.0, 1.0, 0.0, 0.0]
1684073592.4198246 [33.9, 4.1, 2.1, 7.8]
1684073593.421248 [67.1, 3.3, 5.6, 5.5]
1684073594.4226713 [66.9, 7.4, 4.5, 9.4]
1684073595.4243224 [66.4, 4.3, 3.4, 6.4]
1684073596.4258358 [66.2, 6.4, 3.4, 6.5]
1684073597.4272912 [46.6, 2.1, 7.1, 7.1]
1684073598.4287307 [0.0, 2.0, 1.0, 0.0]
1684073599.430123 [49.6, 7.3, 6.1, 3.2]
1684073600.4316409 [69.1, 4.7, 6.5, 6.5]
1684073601.4332228 [68.3, 5.7, 4.3, 7.5]
1684073602.4346755 [68.3, 7.7, 6.4, 10.5]
1684073603.4362257 [67.6, 5.6, 2.2, 4.4]
1684073604.437722 [33.1, 1.1, 0.0, 4.1]
1684073605.439132 [0.0, 0.0, 1.0, 2.0]
1684073606.439818 [64.9, 4.4, 4.3, 4.5]
1684073607.4412796 [71.7, 6.5, 3.3, 4.4]
1684073608.442704 [69.9, 2.2, 4.3, 5.4]
1684073609.4442074 [70.7, 4.4, 3.2, 6.4]
1684073610.4456496 [69.9, 4.4, 5.3, 4.4]
1684073611.4471014 [14.2, 2.0, 1.0, 1.0]
1684073612.4485412 [8.9, 0.0, 1.0, 1.0]
1684073613.4499128 [74.1, 4.5, 6.7, 4.5]
1684073614.451434 [72.8, 5.5, 5.5, 4.4]
1684073615.452984 [71.3, 7.4, 3.4, 4.4]
1684073616.4544427 [72.7, 5.4, 3.3, 6.5]
1684073617.455929 [67.9, 5.4, 4.4, 4.4]
1684073618.457337 [0.0, 0.0, 0.0, 1.0]
1684073619.4587233 [26.2, 1.0, 1.0, 1.0]
1684073620.4602401 [75.6, 5.6, 4.4, 7.5]
1684073621.4616501 [75.2, 7.5, 2.3, 5.4]
1684073622.463117 [75.8, 8.6, 9.5, 4.4]
1684073623.4646842 [75.9, 4.4, 5.4, 3.3]
1684073624.466099 [57.9, 7.2, 4.3, 5.2]
1684073625.4674892 [0.0, 1.0, 1.0, 0.0]
1684073626.4689336 [46.8, 2.2, 2.1, 1.1]
1684073627.4704401 [78.7, 7.8, 2.3, 6.6]
1684073628.4719408 [79.2, 4.5, 5.6, 7.6]
1684073629.4735215 [78.1, 8.7, 8.6, 4.5]
1684073630.4749086 [79.4, 5.7, 4.5, 8.6]
1684073631.4765944 [42.5, 4.2, 1.1, 4.2]
1684073632.4779844 [0.0, 0.0, 1.0, 0.0]
1684073633.4793901 [66.4, 3.3, 2.2, 3.3]
1684073634.480807 [82.6, 5.7, 6.6, 5.6]
1684073635.4822886 [83.5, 3.5, 1.2, 3.5]
1684073636.4838133 [82.5, 5.6, 3.4, 6.7]
1684073637.4853146 [82.6, 6.7, 4.5, 3.4]
1684073638.486739 [24.5, 1.0, 2.1, 2.0]
1684073639.4881144 [0.0, 0.0, 0.0, 1.0]
1684073640.4895113 [89.0, 6.6, 5.7, 1.2]
1684073641.4910612 [89.3, 3.4, 1.2, 5.6]
1684073642.4927058 [90.1, 4.6, 7.8, 6.7]
1684073643.4941657 [90.0, 7.7, 3.5, 3.4]
1684073644.49474 [89.4, 3.4, 4.6, 5.6]
1684073645.4962118 [2.0, 0.0, 0.0, 1.0]
1684073646.49768 [19.0, 3.1, 1.0, 0.0]
1684073647.49919 [91.8, 10.1, 4.7, 2.4]
1684073648.5000272 [89.3, 9.0, 6.7, 3.5]
1684073649.5015798 [89.2, 6.9, 5.7, 4.5]
1684073650.5031626 [91.8, 6.0, 3.5, 4.7]
1684073651.5040207 [74.3, 3.4, 2.3, 5.6]
1684073652.5054617 [0.0, 1.0, 0.0, 0.0]
1684073653.5068653 [42.7, 2.1, 2.2, 1.1]
1684073654.5079348 [95.2, 3.6, 6.0, 5.8]
1684073655.5095558 [96.2, 5.8, 3.7, 2.4]
1684073656.5106173 [96.2, 3.6, 4.8, 5.9]
1684073657.5121562 [95.2, 3.6, 4.9, 4.8]
1684073658.5138764 [57.3, 3.3, 1.1, 2.2]
1684073659.5152886 [0.0, 0.0, 1.0, 1.0]
1684073660.5158126 [65.7, 0.0, 1.1, 2.2]
1684073661.5173795 [99.0, 7.0, 3.7, 3.7]
1684073662.5188723 [99.0, 7.0, 3.7, 4.8]
1684073663.5203888 [100.0, 4.8, 4.9, 4.9]
1684073664.5218036 [100.0, 3.6, 2.5, 4.8]
1684073665.5233161 [35.6, 3.1, 2.1, 2.1]
1684073666.5238745 [0.0, 0.0, 1.0, 1.0]
1684073667.5252593 [87.9, 4.5, 3.6, 3.4]
1684073668.5267916 [100.0, 2.3, 1.2, 3.4]
1684073669.5282407 [100.0, 5.7, 6.1, 5.7]
1684073670.529728 [100.0, 4.5, 3.7, 4.5]
1684073671.5313165 [100.0, 5.7, 4.9, 3.5]
1684073672.5318942 [13.9, 2.0, 2.0, 3.0]
1684073673.5333138 [9.2, 2.0, 2.0, 1.0]
1684073674.5348914 [100.0, 3.7, 5.0, 3.5]
1684073675.5359457 [100.0, 6.0, 6.1, 4.6]
1684073676.5375602 [100.0, 2.5, 2.6, 1.2]
1684073677.5391142 [100.0, 6.0, 5.0, 4.7]
1684073678.540693 [90.1, 4.7, 4.8, 3.4]
1684073679.5421157 [1.0, 1.0, 0.0, 1.0]
1684073680.5434585 [32.0, 0.0, 0.0, 0.0]
1684073681.5450819 [100.0, 2.4, 5.6, 6.4]
1684073682.5457773 [100.0, 5.8, 5.6, 7.6]
1684073683.5472624 [100.0, 4.8, 7.7, 12.2]
1684073684.548816 [100.0, 2.4, 4.5, 5.3]
1684073685.5503724 [69.0, 5.5, 2.2, 5.8]
1684073686.5518136 [1.0, 0.0, 1.0, 0.0]
1684073687.5531964 [54.5, 5.3, 6.5, 4.3]
1684073688.5547116 [100.0, 2.4, 9.4, 6.7]
1684073689.5561802 [100.0, 7.8, 7.2, 6.7]
1684073690.5577626 [100.0, 2.4, 4.9, 5.7]
1684073691.5592384 [100.0, 3.4, 7.2, 3.4]
1684073692.560746 [46.5, 0.0, 5.3, 1.1]
1684073693.5621493 [1.0, 1.0, 1.0, 1.0]
1684073694.5634944 [77.8, 2.2, 1.2, 2.2]
1684073695.5649867 [100.0, 5.6, 7.1, 9.8]
1684073696.5664403 [100.0, 2.3, 4.8, 4.5]
1684073697.5679348 [100.0, 6.7, 4.8, 5.7]
1684073698.569463 [100.0, 2.3, 3.7, 4.6]
1684073699.570878 [23.0, 1.0, 0.0, 1.0]
1684073700.5722494 [1.0, 0.0, 1.0, 1.0]
1684073701.573643 [100.0, 3.6, 3.6, 3.5]
1684073702.5751307 [100.0, 3.7, 5.8, 6.8]
1684073703.5766072 [100.0, 5.9, 2.4, 2.4]
1684073704.5781937 [100.0, 5.9, 5.8, 4.7]
1684073705.579737 [99.0, 4.7, 4.8, 3.5]
1684073706.581163 [1.0, 0.0, 1.0, 0.0]
1684073707.5825465 [23.0, 2.1, 1.1, 5.1]
1684073708.5840344 [100.0, 4.7, 8.2, 4.8]
1684073709.5850887 [100.0, 8.8, 4.9, 3.5]
1684073710.586615 [100.0, 3.5, 6.1, 3.6]
1684073711.5881467 [100.0, 4.7, 8.2, 2.4]
1684073712.5897086 [77.8, 4.4, 2.4, 5.6]
1684073713.5910947 [0.0, 2.0, 0.0, 1.0]
----- End Round 2 -----
----- Start Round 3 -----
1684073850.6532388 [0.0, 0.0, 0.0, 0.0]
1684073851.654614 [1.0, 2.0, 3.0, 3.0]
1684073852.6559474 [1.0, 1.0, 0.0, 1.0]
1684073853.657303 [1.0, 1.0, 0.0, 2.0]
1684073854.6586547 [1.0, 0.0, 0.0, 0.0]
1684073855.6599627 [0.0, 2.0, 0.0, 0.0]
1684073856.6608493 [0.0, 0.0, 0.0, 0.0]
1684073857.6623452 [1.0, 1.0, 2.0, 2.0]
1684073858.66371 [5.0, 0.0, 2.0, 2.0]
1684073859.6650593 [16.4, 3.0, 2.0, 3.0]
1684073860.666426 [16.5, 3.0, 5.8, 3.0]
1684073861.667863 [15.7, 4.9, 3.0, 4.0]
1684073862.6693735 [21.4, 4.0, 6.7, 1.0]
1684073863.6707773 [14.5, 3.0, 3.9, 3.0]
1684073864.6721804 [1.0, 0.0, 0.0, 0.0]
1684073865.6735897 [25.2, 1.0, 2.0, 2.0]
1684073866.6749475 [38.6, 6.8, 5.0, 3.0]
1684073867.6764104 [38.4, 8.6, 10.5, 7.8]
1684073868.6777828 [36.8, 5.9, 4.0, 5.0]
1684073869.6786466 [37.2, 5.0, 6.8, 6.8]
1684073870.6800022 [21.2, 2.0, 2.0, 2.0]
1684073871.6813684 [1.0, 1.0, 1.0, 1.0]
1684073872.6827378 [37.8, 4.0, 3.0, 5.9]
1684073873.6841948 [47.7, 6.9, 7.8, 5.1]
1684073874.6855638 [49.0, 6.9, 2.1, 4.0]
1684073875.6869533 [49.4, 9.6, 5.9, 6.1]
1684073876.6884043 [48.4, 6.9, 5.1, 6.9]
1684073877.6897573 [17.5, 2.0, 2.0, 2.0]
1684073878.6911042 [1.0, 0.0, 2.0, 0.0]
1684073879.6924596 [52.9, 4.1, 4.2, 6.0]
1684073880.693813 [54.9, 6.0, 9.9, 3.1]
1684073881.6953154 [53.5, 5.1, 7.1, 2.1]
1684073882.6968277 [55.6, 8.8, 6.1, 8.8]
1684073883.6981716 [56.1, 5.1, 4.2, 3.1]
1684073884.6997144 [3.9, 1.0, 2.0, 0.0]
1684073885.7011442 [13.8, 3.0, 1.0, 3.0]
1684073886.7025135 [58.5, 9.9, 5.2, 4.3]
1684073887.704082 [58.6, 7.2, 7.1, 7.4]
1684073888.7054946 [58.1, 7.1, 4.2, 9.3]
1684073889.706855 [58.4, 9.0, 7.1, 6.3]
1684073890.7084067 [52.3, 7.1, 10.6, 4.2]
1684073891.7097986 [0.0, 2.0, 1.0, 1.0]
1684073892.7111325 [30.6, 3.1, 3.0, 1.0]
1684073893.7126186 [61.0, 4.3, 6.1, 4.3]
1684073894.7140546 [61.6, 7.2, 4.2, 7.2]
1684073895.7155674 [62.6, 5.3, 7.1, 7.3]
1684073896.7170815 [61.5, 6.3, 7.1, 6.3]
1684073897.7184923 [44.9, 5.1, 1.1, 3.1]
1684073898.7198308 [0.0, 1.0, 0.0, 2.0]
1684073899.720356 [44.5, 1.1, 7.1, 3.1]
1684073900.7217786 [65.4, 7.4, 6.5, 8.2]
1684073901.7232504 [64.7, 4.4, 6.5, 6.2]
1684073902.7248456 [64.7, 4.4, 10.4, 5.3]
1684073903.7262456 [64.5, 6.4, 8.4, 5.2]
1684073904.727747 [31.1, 4.1, 2.1, 2.0]
1684073905.7291846 [0.0, 2.0, 0.0, 1.0]
1684073906.7305994 [59.3, 3.2, 2.2, 2.2]
1684073907.7321477 [66.7, 7.4, 7.5, 10.6]
1684073908.7335565 [66.7, 6.2, 5.4, 5.5]
1684073909.7349284 [66.0, 5.3, 5.4, 6.4]
1684073910.7365556 [65.3, 4.3, 4.3, 5.4]
1684073911.7379577 [14.0, 2.0, 2.0, 4.0]
1684073912.7393026 [6.9, 2.0, 2.0, 2.0]
1684073913.7407854 [70.2, 10.6, 5.4, 5.4]
1684073914.7421987 [69.9, 5.4, 1.1, 4.3]
1684073915.7437556 [69.7, 5.4, 2.2, 4.3]
1684073916.7451692 [68.8, 6.4, 2.2, 9.1]
1684073917.7465515 [65.7, 4.3, 3.2, 7.3]
1684073918.7478242 [1.0, 0.0, 1.0, 0.0]
1684073919.7491727 [27.7, 3.1, 1.1, 2.1]
1684073920.75052 [71.7, 7.4, 7.9, 4.5]
1684073921.7521386 [71.2, 5.4, 3.4, 7.6]
1684073922.7536354 [71.1, 3.3, 5.6, 4.3]
1684073923.7552028 [70.7, 4.3, 4.5, 2.2]
1684073924.7566805 [53.9, 8.9, 3.2, 4.2]
1684073925.758097 [1.0, 0.0, 1.0, 1.0]
1684073926.7594588 [44.4, 4.2, 2.2, 2.2]
1684073927.7608957 [73.3, 4.4, 6.7, 4.4]
1684073928.7622664 [72.8, 6.4, 5.5, 5.4]
1684073929.7638555 [72.5, 6.5, 6.6, 6.5]
1684073930.7653515 [72.8, 5.4, 8.7, 4.4]
1684073931.7667809 [41.0, 5.1, 3.1, 5.1]
1684073932.7679143 [0.0, 1.0, 0.0, 1.0]
1684073933.7692611 [61.7, 3.3, 0.0, 2.2]
1684073934.7701223 [76.2, 2.3, 3.4, 5.4]
1684073935.7715259 [75.9, 7.5, 3.4, 4.3]
1684073936.7731042 [75.0, 4.4, 3.4, 1.1]
1684073937.77453 [77.5, 5.5, 3.4, 8.4]
1684073938.7759886 [23.1, 3.0, 2.0, 1.0]
1684073939.7773688 [0.0, 0.0, 1.0, 0.0]
1684073940.7787743 [77.6, 3.5, 4.5, 3.5]
1684073941.7803159 [77.3, 4.5, 3.3, 4.5]
1684073942.781709 [78.9, 7.7, 6.5, 6.6]
1684073943.78337 [78.1, 6.7, 3.4, 5.6]
1684073944.784977 [78.7, 4.6, 4.4, 4.5]
1684073945.7864463 [4.0, 2.0, 1.0, 1.0]
1684073946.7878191 [19.4, 1.0, 1.0, 2.0]
1684073947.789299 [84.0, 7.4, 6.8, 10.9]
1684073948.7907093 [84.2, 2.2, 3.5, 4.5]
1684073949.792226 [83.9, 8.5, 5.7, 6.7]
1684073950.7937267 [84.0, 4.4, 3.5, 5.7]
1684073951.7953477 [69.0, 4.3, 6.5, 5.5]
1684073952.7967424 [0.0, 0.0, 0.0, 0.0]
1684073953.7981105 [39.3, 0.0, 3.1, 0.0]
1684073954.7995398 [84.7, 3.7, 3.4, 5.7]
1684073955.8015106 [83.8, 4.9, 3.3, 5.7]
1684073956.8032298 [83.5, 4.9, 3.4, 4.7]
1684073957.8048654 [83.9, 7.2, 5.5, 5.7]
1684073958.8063984 [53.6, 4.4, 3.2, 3.3]
1684073959.8077796 [0.0, 0.0, 0.0, 0.0]
1684073960.8091218 [61.3, 1.1, 2.2, 1.1]
1684073961.8105075 [90.2, 3.6, 4.7, 4.7]
1684073962.8120723 [90.1, 3.6, 4.7, 4.8]
1684073963.813541 [88.4, 4.7, 8.0, 4.7]
1684073964.8149467 [90.2, 7.0, 4.7, 5.7]
1684073965.8166246 [34.6, 4.1, 1.1, 1.1]
1684073966.8180742 [0.0, 0.0, 0.0, 0.0]
1684073967.819431 [85.3, 3.5, 4.6, 5.8]
1684073968.8209906 [95.3, 2.4, 2.4, 2.5]
1684073969.8221018 [94.3, 5.8, 5.8, 6.0]
1684073970.823686 [95.2, 4.7, 3.5, 6.0]
1684073971.825244 [94.3, 8.0, 4.7, 6.0]
1684073972.826865 [11.1, 2.0, 2.0, 3.0]
1684073973.828367 [12.0, 0.0, 1.0, 0.0]
1684073974.8299217 [100.0, 6.0, 6.7, 3.5]
1684073975.831388 [100.0, 6.0, 4.5, 2.4]
1684073976.8329763 [100.0, 2.5, 3.4, 5.7]
1684073977.834619 [100.0, 6.0, 3.4, 5.7]
1684073978.8361983 [88.1, 4.7, 1.1, 3.4]
1684073979.8375971 [0.0, 0.0, 1.0, 0.0]
1684073980.8387609 [35.7, 3.1, 2.1, 0.0]
1684073981.8403783 [99.0, 6.7, 2.5, 6.1]
1684073982.8419569 [100.0, 3.4, 7.1, 4.9]
1684073983.8435047 [100.0, 4.7, 3.6, 7.3]
1684073984.8449972 [100.0, 2.4, 3.7, 5.0]
1684073985.8465624 [66.0, 5.3, 5.5, 3.4]
1684073986.8480382 [1.0, 0.0, 1.0, 0.0]
1684073987.849388 [55.0, 3.3, 1.1, 3.3]
1684073988.850941 [100.0, 5.7, 6.8, 10.2]
1684073989.852496 [100.0, 5.7, 1.2, 9.2]
1684073990.8540578 [100.0, 9.0, 3.5, 8.1]
1684073991.8555932 [100.0, 3.6, 3.5, 2.5]
1684073992.8572273 [45.0, 3.2, 2.1, 5.3]
1684073993.8586266 [1.0, 0.0, 0.0, 1.0]
1684073994.859971 [78.0, 3.4, 2.4, 1.1]
1684073995.861525 [100.0, 3.6, 6.2, 5.7]
1684073996.8631988 [100.0, 3.5, 3.8, 1.2]
1684073997.8648627 [100.0, 7.0, 5.0, 7.8]
1684073998.86637 [99.0, 4.7, 7.3, 2.3]
1684073999.867976 [23.0, 1.0, 1.0, 1.0]
1684074000.8694024 [0.0, 1.0, 0.0, 1.0]
1684074001.870734 [99.0, 4.9, 7.9, 7.1]
1684074002.8722172 [100.0, 8.3, 4.6, 9.3]
1684074003.873818 [100.0, 4.9, 4.6, 3.7]
1684074004.8754132 [100.0, 7.2, 3.4, 8.1]
1684074005.876929 [100.0, 8.4, 3.5, 7.1]
1684074006.8784418 [0.0, 1.0, 0.0, 0.0]
1684074007.8798375 [23.0, 2.1, 2.1, 2.1]
1684074008.8813462 [100.0, 6.9, 3.6, 4.7]
1684074009.8828802 [100.0, 8.0, 4.8, 3.6]
1684074010.8844206 [100.0, 3.6, 3.7, 6.9]
1684074011.8860285 [100.0, 5.8, 3.7, 4.8]
1684074012.8876963 [78.0, 5.6, 7.8, 2.3]
1684074013.8885815 [2.0, 0.0, 1.0, 1.0]
1684074014.8899395 [45.0, 2.2, 0.0, 1.1]
1684074015.8914366 [100.0, 6.3, 2.4, 5.7]
1684074016.892999 [100.0, 6.2, 4.7, 3.5]
1684074017.8945136 [100.0, 6.2, 3.6, 6.7]
1684074018.8959575 [100.0, 5.0, 4.7, 7.7]
1684074019.8974383 [55.0, 5.4, 3.2, 2.2]
1684074020.898816 [1.0, 1.0, 1.0, 0.0]
1684074021.900178 [66.3, 4.3, 3.4, 9.5]
1684074022.901657 [100.0, 5.6, 8.1, 4.8]
1684074023.9032028 [100.0, 1.2, 2.4, 3.7]
1684074024.9046671 [100.0, 3.4, 4.8, 5.9]
1684074025.9061742 [100.0, 5.6, 4.8, 4.8]
1684074026.90719 [34.0, 6.0, 1.1, 3.1]
1684074027.9086332 [2.0, 0.0, 0.0, 0.0]
----- End Round 3 -----

