----- Start Round 1 -----
#type       avg     std     min      p5     p10     p50     p67     p75     p80     p85     p90     p95     p99    p999   p9999      QPS   target       ts_start         ts_end
read      405.3   330.8   173.5   260.1   283.9   374.2   414.9   435.7   453.0   470.7   497.8   543.3   744.1  6056.4 12474.7   4922.2     5000  1683894810151  1683894815510
read      422.8   225.8   173.5   239.2   261.7   407.7   470.4   500.9   522.5   546.3   578.2   627.2   744.8  3873.6  8167.5   9913.0    10000  1683894817014  1683894822335
read      449.1   305.4   173.5   228.2   249.4   418.1   502.7   544.7   574.2   608.0   652.5   729.9   935.9  3917.2 10900.4  14950.2    15000  1683894823839  1683894829158
read      467.8   260.9   173.5   227.7   249.5   435.6   528.4   578.6   614.3   655.2   704.7   795.0  1014.0  3194.1 10264.1  19918.4    20000  1683894830662  1683894835965
read      464.8   289.0   173.5   222.8   240.9   419.3   519.3   576.9   620.6   670.8   733.3   830.9  1107.4  2401.7 10181.7  25127.2    25000  1683894837468  1683894842791
read      482.6   344.6   160.7   222.7   239.4   423.7   534.5   599.6   650.5   709.5   788.4   920.2  1229.4  2770.3 10799.4  30008.6    30000  1683894844295  1683894849600
read      495.4   370.5   160.7   218.6   232.3   391.6   521.5   597.5   663.9   756.5   892.9  1154.3  1540.7  3392.6  9761.7  35055.6    35000  1683894851103  1683894856385
read      477.5   334.5   160.7   217.5   231.7   382.5   505.4   580.4   642.4   725.6   838.6  1063.5  1502.0  2322.2  9951.5  39939.0    40000  1683894857890  1683894863170
read      466.0   333.9   160.7   215.2   228.7   356.4   481.5   559.5   624.8   715.2   843.9  1093.5  1527.7  2222.1 10478.3  45055.1    45000  1683894864673  1683894869951
read      462.4   360.8   160.7   216.5   230.2   357.3   473.0   553.6   620.5   706.6   825.3  1051.5  1491.4  2186.4 10799.5  50009.8    50000  1683894871456  1683894876739
read      460.8   326.4   160.7   215.7   229.9   350.8   460.0   542.3   611.5   702.3   831.1  1084.4  1587.2  2197.2  7718.6  54976.0    55000  1683894878243  1683894883528
read      457.3   349.8   160.7   216.7   230.5   346.6   447.1   524.3   592.9   691.1   826.4  1072.3  1615.1  2442.3  8486.9  59863.9    60000  1683894885031  1683894890313
read      445.8   318.1   160.7   215.9   230.5   352.8   450.5   522.8   583.7   666.8   779.6   989.5  1451.7  2153.6  9393.5  64852.8    65000  1683894891816  1683894897089
read      452.2   326.7   160.7   218.3   232.0   346.0   440.8   510.3   573.8   669.1   808.3  1072.1  1615.2  2343.4  8623.6  70097.1    70000  1683894898592  1683894903878
read      463.2   366.2   160.7   220.1   234.7   351.4   444.2   513.6   581.0   678.6   832.5  1102.1  1713.1  3331.3 10398.3  74812.2    75000  1683894905381  1683894910671
read      563.6   488.6   160.7   231.5   252.1   384.0   510.8   641.3   761.5   935.4  1118.1  1491.3  2274.0  3443.3 10798.9  80039.3    80000  1683894912174  1683894917456
read      654.2   631.7   160.7   241.1   265.0   393.9   582.0   798.8   991.7  1158.8  1434.8  1834.7  2688.7  4669.4 17293.2  83853.8    85000  1683894918959  1683894924234
read      810.9   991.7   160.7   298.2   324.5   419.3   602.6  1352.9  1507.0  1604.9  1707.7  1865.1  2845.2 12320.6 31284.7  81451.1    90000  1683894925737  1683894931009
read      785.0  1083.3   160.7   290.2   313.4   399.7   514.0  1219.9  1453.0  1570.1  1680.6  1837.7  2869.1 12608.9 32149.6  84393.4    95000  1683894932514  1683894937812
read      779.6   989.8   173.5   290.4   311.5   401.7   559.4  1269.0  1460.7  1569.4  1678.5  1830.1  2731.5 12622.1 31963.4  84761.8   100000  1683894939316  1683894944597
read      780.0   973.3   160.7   289.3   312.3   401.6   555.9  1272.4  1464.7  1575.5  1683.7  1829.7  2757.5 12561.8 31254.0  84713.3   105000  1683894946100  1683894951381
read      754.1   970.3   173.5   280.5   301.5   391.3   539.3  1160.3  1421.5  1538.3  1652.3  1799.2  2709.5 13213.2 31451.2  87648.2   110000  1683894952884  1683894958169
read      800.5   986.2   160.7   291.7   315.5   417.8   616.3  1327.6  1490.7  1594.2  1702.6  1855.3  2753.0 12648.3 31651.0  82541.6   115000  1683894959672  1683894964961
read      810.0   991.9   173.5   298.6   324.5   422.6   633.4  1345.7  1500.5  1600.1  1702.5  1851.3  2768.3 12256.4 31810.3  81632.9   120000  1683894966465  1683894971742
read      789.6  1006.6   173.5   293.1   317.5   409.2   592.8  1284.1  1465.9  1576.7  1686.8  1841.2  2762.8 12675.2 32145.0  83739.8   125000  1683894973245  1683894978531
Warning! Detected max cpu usage > 95%
CPU Usage Stats (avg/min/max): 73.12%,7.54%,100.00%
----- End Round 1 -----