----- Start Round 1 -----
[27.3, 3.3, 4.1, 4.9]
[32.8, 4.2, 5.0, 4.4]
[35.1, 3.2, 3.6, 4.4]
[44.2, 4.6, 3.8, 5.5]
[60.8, 4.6, 5.4, 5.9]
[47.4, 5.3, 4.3, 5.9]
[48.6, 5.1, 3.9, 5.0]
[55.4, 5.1, 3.7, 3.4]
[66.8, 5.0, 5.2, 5.6]
[53.5, 3.6, 4.4, 3.5]
[55.2, 4.9, 3.5, 3.1]
[69.0, 6.4, 4.6, 5.3]
[73.6, 6.4, 4.6, 5.6]
[60.2, 2.6, 4.0, 3.7]
[62.2, 3.5, 2.9, 2.9]
[88.3, 5.2, 4.6, 5.6]
[75.0, 3.7, 3.4, 3.8]
[64.9, 3.3, 4.2, 2.9]
[64.7, 4.3, 3.6, 3.3]
[96.4, 4.5, 4.2, 4.8]
[68.5, 3.6, 3.2, 3.3]
[64.7, 3.3, 3.5, 3.7]
[67.7, 4.9, 3.0, 3.2]
[96.8, 8.4, 5.6, 7.0]
[65.2, 5.3, 3.5, 2.2]
----- End Round 1 -----
----- Start Round 2 -----
[26.2, 4.5, 3.7, 3.9]
[31.7, 4.8, 4.2, 3.6]
[34.5, 4.6, 3.8, 5.0]
[48.5, 6.4, 5.7, 5.3]
[59.1, 5.7, 6.5, 5.3]
[47.2, 6.5, 5.5, 6.1]
[46.0, 5.0, 3.6, 4.2]
[61.1, 5.9, 6.3, 5.3]
[60.2, 5.1, 5.1, 4.9]
[52.1, 3.6, 4.2, 4.5]
[53.6, 6.1, 3.0, 2.2]
[76.9, 7.4, 6.3, 6.3]
[65.5, 4.0, 3.3, 3.5]
[61.2, 4.5, 3.3, 3.7]
[62.2, 4.3, 2.8, 3.5]
[96.7, 6.9, 5.3, 6.4]
[65.0, 3.5, 2.7, 3.3]
[64.7, 4.7, 4.6, 5.5]
[71.1, 3.7, 3.6, 4.5]
[93.6, 6.0, 4.9, 5.8]
[63.9, 3.8, 1.8, 2.6]
[64.7, 4.0, 3.3, 3.9]
[78.6, 5.0, 3.8, 4.8]
[86.2, 6.5, 5.5, 4.7]
[64.8, 4.4, 3.3, 2.8]
----- End Round 2 -----
[11.1, 3.1, 2.3, 2.7]
[18.4, 4.3, 3.1, 2.1]
[24.6, 3.5, 2.7, 3.1]
[49.9, 7.4, 6.2, 5.9]
[42.8, 6.1, 5.4, 5.9]
[44.3, 4.6, 5.7, 3.8]
[48.7, 3.5, 5.1, 5.0]
[65.3, 6.9, 6.4, 5.4]
[48.5, 4.8, 4.1, 3.8]
[49.6, 3.6, 3.5, 3.2]
[57.7, 5.5, 5.4, 3.6]
[70.4, 7.2, 4.8, 5.6]
[55.8, 4.5, 3.3, 4.5]
[57.2, 4.7, 3.9, 3.9]
[72.5, 4.6, 5.6, 5.6]
[76.4, 4.7, 4.4, 5.3]
[61.3, 5.6, 3.7, 3.9]
[63.1, 5.7, 3.3, 3.7]
[88.8, 5.3, 4.8, 4.5]
[75.4, 3.6, 3.4, 2.5]
[64.9, 4.5, 3.9, 4.2]
[65.0, 2.6, 4.6, 4.6]
[96.0, 6.7, 7.2, 5.7]
[68.6, 3.4, 3.1, 4.5]
[65.0, 3.3, 3.1, 5.2]
[67.5, 3.9, 2.9, 3.7]
[97.0, 4.9, 4.1, 5.1]
[64.6, 4.3, 3.4, 3.1]
[64.7, 4.1, 3.6, 4.8]
[74.5, 4.7, 4.6, 3.4]