----- Start Round 1 -----
#type       avg     std     min      p5     p10     p50     p67     p75     p80     p85     p90     p95     p99    p999   p9999      QPS   target       ts_start         ts_end
read      421.4   342.9   173.5   264.0   292.4   389.5   428.8   452.5   469.0   492.9   525.4   584.0   840.0  5435.0 13455.1   4956.2     5000  1684073211891  1684073217261
read      439.9   303.3   160.7   241.5   269.8   422.9   479.1   509.4   531.5   555.3   588.8   642.3   807.9  4372.8 11057.8  10075.2    10000  1684073218765  1684073224094
read      448.6   256.7   160.7   229.7   255.6   429.6   504.7   542.6   569.0   597.4   635.2   690.7   859.8  3411.6  9965.5  15028.6    15000  1684073225598  1684073230887
read      463.8   262.3   160.7   223.8   247.1   438.8   526.8   572.8   603.3   637.5   681.2   748.9   961.2  3047.4  9871.6  20035.0    20000  1684073232391  1684073237701
read      470.8   303.7   160.7   221.2   241.3   435.4   528.2   581.1   618.5   660.8   717.3   841.8  1070.0  2089.1 10062.6  25014.4    25000  1684073239204  1684073244499
read      493.2   349.0   160.7   219.8   237.0   424.4   534.3   599.7   649.1   714.1   852.8  1046.8  1331.2  3133.7 12630.0  29975.6    30000  1684073246002  1684073251284
read      479.9   311.9   160.7   218.0   235.2   420.7   532.4   598.6   645.4   698.1   781.5   956.7  1267.4  2409.3 11147.0  34834.2    35000  1684073252787  1684073258068
read      480.1   343.4   160.7   218.8   235.2   402.2   516.5   587.0   640.6   705.8   812.8  1022.7  1361.0  2953.8 14103.9  40057.4    40000  1684073259570  1684073264849
read      459.4   290.7   160.7   214.6   230.7   386.8   503.8   578.1   633.3   692.9   776.3   925.5  1228.6  1689.4  8267.9  44836.6    45000  1684073266352  1684073271625
read      444.8   266.8   160.7   213.3   229.2   370.7   479.3   550.4   608.2   671.7   745.7   894.7  1217.4  2378.5  7664.0  50186.6    50000  1684073273129  1684073278422
read      446.9   307.5   148.8   211.9   227.6   358.7   465.7   544.3   608.0   680.2   778.2   953.1  1318.3  2032.3  9661.4  54905.8    55000  1684073279925  1684073285211
read      443.1   309.1   148.8   211.8   227.3   348.8   448.9   525.6   593.9   676.2   790.2   989.2  1363.1  1981.4  9805.1  59793.9    60000  1684073286715  1684073291985
read      432.4   317.1   148.8   208.8   223.9   337.6   429.8   504.9   574.3   659.0   764.8   970.7  1365.1  2111.9 11404.2  64769.8    65000  1684073293489  1684073298765
read      437.2   319.6   148.8   208.8   224.0   338.2   424.5   493.1   560.7   657.5   800.3  1039.4  1449.9  2466.4 10052.1  70114.5    70000  1684073300269  1684073305556
read      427.2   297.5   148.8   210.8   226.1   339.3   418.0   476.6   537.0   629.6   752.6   995.3  1361.9  2122.2  8075.0  74897.2    75000  1684073307060  1684073312334
read      436.4   335.7   148.8   211.0   227.1   339.9   414.5   470.9   533.6   637.7   789.6  1065.7  1490.0  2487.3 10250.6  80062.0    80000  1684073313838  1684073319127
read      450.9   387.0   148.8   214.7   231.3   345.1   418.0   472.7   534.8   642.8   822.9  1118.2  1709.8  2878.7 14124.2  85058.4    85000  1684073320631  1684073325906
read      620.9  1349.0   148.8   216.8   234.3   336.6   383.1   416.6   453.6   543.5   989.8  2101.0  5968.5 13514.7 36170.0  89713.4    90000  1684073327409  1684073332691
read      726.6  1947.5   148.8   240.7   263.1   342.5   370.2   389.2   402.8   430.1   509.4  2810.7  9017.9 30882.6 39258.0  92482.4    95000  1684073334194  1684073339477
read      789.0  2357.4   148.8   276.7   294.7   349.7   371.4   387.3   398.9   418.7   459.0  2293.2 11896.9 31822.0 41097.3  92075.7   100000  1684073340982  1684073346255
read      781.5  2370.3   160.7   269.8   286.7   345.2   369.0   384.7   397.3   416.1   452.4  1991.6 12059.0 31683.3 39351.1  93230.8   105000  1684073347760  1684073353047
read      786.4  2331.9   160.7   271.3   288.6   348.2   371.5   388.2   400.0   421.1   461.8  2446.5 11582.5 31582.5 40957.0  92614.4   110000  1684073354551  1684073359829      
read      780.5  2334.3   160.7   273.8   289.6   345.9   369.0   384.5   396.9   415.6   454.2  2010.7 11962.6 31510.6 40943.2  92755.4   115000  1684073361333  1684073366610
read      749.5  2287.8   148.8   262.7   279.0   331.7   353.5   367.8   379.0   397.8   433.6  2087.7 11281.7 31611.8 41190.9  97049.5   120000  1684073368114  1684073373397
read      753.5  2341.8   160.7   263.9   279.6   330.8   352.0   366.3   375.8   394.9   427.4  1735.7 12042.1 31715.6 40712.9  96979.2   125000  1684073374901  1684073380190
Warning! Detected max cpu usage > 95%
CPU Usage Stats (avg/min/max): 69.57%,1.51%,100.00%
----- End Round 1 -----
----- Start Round 2 -----
#type       avg     std     min      p5     p10     p50     p67     p75     p80     p85     p90     p95     p99    p999   p9999      QPS   target       ts_start         ts_end
read      435.4   428.4   160.7   268.6   299.7   403.1   441.7   464.2   482.0   504.5   539.9   597.5   805.2  6393.9 15669.7   4996.6     5000  1684073545088  1684073550463
read      437.7   285.8   160.7   237.2   266.3   422.5   479.0   507.0   528.3   550.4   583.7   635.0   805.5  4036.5 10665.9   9986.4    10000  1684073551969  1684073557288
read      444.7   316.3   160.7   226.5   250.5   425.7   499.8   537.0   562.0   588.7   625.0   678.4   826.1  4082.2 12840.2  14948.0    15000  1684073558792  1684073564087
read      470.2   246.9   160.7   228.1   252.9   447.8   533.6   580.2   611.1   643.5   684.5   747.1   968.6  2651.3  8160.8  19933.5    20000  1684073565591  1684073570884
read      483.1   306.7   160.7   222.4   242.7   441.5   538.2   595.3   635.8   681.9   743.7   902.8  1154.6  2437.8 12194.8  25073.6    25000  1684073572389  1684073577697
read      479.7   303.6   160.7   223.3   244.0   440.5   540.2   600.9   641.8   686.5   743.7   861.0  1094.8  2189.5 10072.5  29900.8    30000  1684073579201  1684073584496
read      479.6   320.1   160.7   214.9   231.4   411.0   521.9   592.5   644.7   703.6   806.4  1021.2  1324.2  2183.0 10369.1  34866.7    35000  1684073586000  1684073591295
read      466.8   297.3   160.7   215.2   232.0   406.1   516.9   584.9   635.7   689.3   769.3   927.0  1205.9  1582.5 10759.1  39829.2    40000  1684073592798  1684073598077
read      462.4   359.5   160.7   210.8   226.4   380.9   493.6   565.3   621.2   683.6   779.4  1011.1  1368.5  1879.5 15121.0  45070.6    45000  1684073599580  1684073604863
read      455.3   351.6   148.8   210.2   226.2   369.2   484.3   560.2   619.9   687.5   785.2   968.8  1303.5  2309.4 13922.5  50205.8    50000  1684073606367  1684073611647
read      439.8   287.1   160.7   210.9   226.3   356.7   463.1   540.6   601.0   669.9   754.9   930.6  1259.4  1733.4 10025.0  54803.6    55000  1684073613150  1684073618433
read      440.7   308.4   148.8   210.6   226.2   349.2   448.7   522.4   587.9   667.0   774.0   967.2  1353.6  2400.2  8890.6  60002.6    60000  1684073619936  1684073625224
read      436.5   478.4   148.8   207.7   222.9   339.6   432.1   503.4   572.5   663.2   787.5  1008.7  1387.9  2135.4  9460.6  65029.2    65000  1684073626729  1684073632006
read      432.5   297.9   148.8   210.1   225.4   340.7   426.1   492.8   557.2   651.0   774.5  1002.4  1380.8  1967.8  9004.0  69746.2    70000  1684073633509  1684073638787
read      445.8   336.9   148.8   211.0   227.3   343.1   425.8   490.3   557.3   669.0   831.3  1095.4  1492.6  2371.2  9447.4  75050.0    75000  1684073640290  1684073645571
read      431.2   337.3   148.8   209.2   225.0   334.3   405.1   461.9   520.7   628.7   788.0  1061.0  1468.6  2703.8 10064.8  79945.8    80000  1684073647074  1684073652358
read      457.2   366.2   148.8   216.2   232.0   341.6   412.1   466.6   527.4   652.1   881.2  1203.0  1749.6  3329.5  8107.7  84919.8    85000  1684073653862  1684073659141
read      611.9  1239.3   148.8   231.7   252.4   341.5   381.4   413.9   453.7   561.5  1064.3  2108.8  5252.6 10591.8 35217.8  89651.4    90000  1684073660644  1684073665917
read      800.8  2397.4   160.7   278.5   298.7   356.6   379.0   394.8   404.7   426.5   464.1  2165.2 12256.6 31665.1 41357.2  90115.4    95000  1684073667421  1684073672710
read      762.2  2321.1   160.7   268.9   284.9   338.2   360.1   372.1   385.2   401.1   435.8  1898.2 12022.2 31728.1 40809.7  95000.8   100000  1684073674213  1684073679493
read      708.9  2027.3   148.8   252.8   266.9   322.5   345.3   362.0   373.2   395.3   445.7  2332.9 10136.0 30601.6 40768.6  99739.9   105000  1684073680997  1684073686283
read      809.5  2443.3   160.7   282.4   301.9   358.5   379.9   394.8   404.1   424.8   459.4  1920.2 12360.8 31827.6 40988.0  89845.6   110000  1684073687787  1684073693065
read      824.1  2493.2   148.8   281.9   302.9   363.9   388.2   401.7   416.4   434.2   471.3  2012.9 12412.3 31984.6 41430.2  88718.2   115000  1684073694569  1684073699847
read      760.8  2236.7   148.8   267.8   284.7   340.3   363.7   376.8   391.6   408.6   451.6  2346.4 11276.6 31204.9 40212.7  94493.8   120000  1684073701351  1684073706629
read      782.5  2411.0   160.7   271.0   287.5   344.3   368.1   383.6   396.5   415.0   450.6  1664.0 12265.9 31542.4 41766.7  93204.2   125000  1684073708131  1684073713405
Warning! Detected max cpu usage > 95%
CPU Usage Stats (avg/min/max): 70.50%,3.00%,100.00%
----- End Round 2 -----
----- Start Round 3 -----
#type       avg     std     min      p5     p10     p50     p67     p75     p80     p85     p90     p95     p99    p999   p9999      QPS   target       ts_start         ts_end
read      436.6   408.9   173.5   268.2   298.1   402.4   445.7   469.4   489.6   511.6   548.5   616.4   875.5  5887.8 19227.1   5013.8     5000  1684073858987  1684073864358
read      442.7   302.9   160.7   240.6   270.7   426.0   484.7   515.1   536.7   562.3   594.9   654.5   808.8  3771.8 12440.2   9988.4    10000  1684073865863  1684073871194
read      449.5   290.5   160.7   226.4   252.2   431.9   504.0   541.6   567.3   594.2   631.2   687.2   857.4  4043.2  9867.9  15071.0    15000  1684073872698  1684073877996
read      472.8   244.3   160.7   228.4   254.1   450.5   538.9   583.8   614.8   649.1   690.6   764.9   977.5  2569.0  8481.8  19894.8    20000  1684073879499  1684073884802
read      476.5   267.6   160.7   223.0   243.8   440.1   537.1   592.0   630.5   673.4   728.7   849.9  1108.7  1713.2  9232.5  24969.6    25000  1684073886306  1684073891601
read      484.9   316.9   160.7   219.7   239.9   440.7   540.3   599.2   640.0   687.9   752.5   923.1  1197.4  2517.7 12705.4  29958.6    30000  1684073893105  1684073898391
read      478.8   286.7   160.7   217.1   234.7   425.9   532.5   595.7   642.5   697.0   776.3   944.0  1241.0  2000.5  8595.9  34985.2    35000  1684073899895  1684073905167
read      470.9   301.5   160.7   215.6   232.3   405.9   522.6   594.0   646.0   702.7   785.2   936.6  1230.6  2030.0 11327.6  39980.0    40000  1684073906671  1684073911943
read      472.9   350.7   148.8   209.8   225.5   373.2   492.1   567.6   628.3   705.7   856.8  1107.3  1479.8  2744.8 10507.5  44896.6    45000  1684073913447  1684073918735
read      455.6   314.0   160.7   209.6   224.8   362.4   475.5   554.0   616.5   689.4   806.7  1031.7  1393.5  1935.5  8790.2  50001.8    50000  1684073920239  1684073925518
read      442.1   313.4   148.8   209.9   225.5   352.5   460.2   537.0   600.8   672.9   769.1   945.9  1316.9  2055.7  9547.2  55010.2    55000  1684073927022  1684073932302
read      442.7   296.5   160.7   210.7   226.2   350.8   450.3   528.0   597.2   678.8   788.1   984.0  1346.4  1866.2  8360.6  59919.2    60000  1684073933805  1684073939082
read      432.6   292.1   148.8   208.8   223.8   339.6   431.0   504.8   574.2   662.9   776.4   984.5  1353.9  1862.3  9017.5  64892.6    65000  1684073940585  1684073945867
read      435.8   329.1   148.8   209.7   225.0   339.8   424.0   489.8   553.8   654.2   786.9  1025.2  1422.3  2292.7 11076.2  69986.8    70000  1684073947372  1684073952647
read      417.8   308.2   148.8   206.2   220.8   324.5   399.3   458.0   517.2   621.6   758.2  1002.3  1374.1  1982.6 10206.1  74987.4    75000  1684073954150  1684073959433
read      424.5   321.7   148.8   209.0   224.2   331.1   402.0   457.8   516.7   621.9   774.8  1033.1  1404.6  2109.0 11582.4  79953.6    80000  1684073960936  1684073966207
read      455.3   403.8   148.8   214.9   231.5   339.1   403.7   456.9   514.4   635.2   855.9  1174.6  1857.4  3728.0 10143.4  84885.4    85000  1684073967710  1684073972986
read      679.4  1550.6   148.8   231.8   254.2   341.9   374.8   399.5   424.2   470.0   883.4  2803.6  6884.1 25461.7 36927.4  89544.2    90000  1684073974489  1684073979765
read      625.4  1294.4   148.8   228.0   246.4   321.1   354.0   377.5   403.1   471.3  1086.5  2600.0  5493.8 12569.1 35494.5  94988.3    95000  1684073981269  1684073986562
read      789.9  2366.6   160.7   275.5   292.8   351.8   374.0   390.8   401.5   421.5   456.8  1991.2 12182.5 31613.0 39795.6  91691.2   100000  1684073988065  1684073993349
read      775.4  2275.3   148.8   275.4   291.8   348.0   370.7   386.7   398.8   419.1   460.6  2210.3 11919.3 31043.4 40176.2  92527.8   105000  1684073994852  1684074000142
read      775.3  2310.9   160.7   266.7   283.6   342.7   367.7   384.2   397.8   419.5   464.1  2404.0 11371.2 31625.1 41616.2  93734.6   110000  1684074001645  1684074006929
read      806.7  2398.9   148.8   277.9   298.0   358.3   382.1   397.4   409.7   429.9   467.2  2244.3 12214.9 31645.5 39865.8  90025.6   115000  1684074008433  1684074013720
read      777.6  2309.8   160.7   273.0   289.5   347.2   370.3   386.2   398.1   417.3   455.8  2063.3 12009.0 31613.7 39900.9  92685.4   120000  1684074015223  1684074020514
read      799.1  2410.3   160.7   278.4   298.1   353.4   374.0   390.5   401.1   420.7   455.7  1902.8 12217.9 31681.0 40159.8  91109.6   125000  1684074022017  1684074027298
Warning! Detected max cpu usage > 95%
CPU Usage Stats (avg/min/max): 69.97%,1.49%,100.00%
----- End Round 3 -----
