----- Start Round 1 -----
#type       avg     std     min      p5     p10     p50     p67     p75     p80     p85     p90     p95     p99    p999   p9999      QPS   target       ts_start         ts_end
read      417.8   487.4   173.5   254.3   279.7   384.6   423.0   444.5   461.4   482.2   509.2   562.0   742.1  6923.5 24852.0   5011.0     5000  1683899449142  1683899454530
read      446.5   365.6   173.5   239.3   263.5   421.3   482.1   514.5   539.7   570.3   611.8   681.2   848.5  5446.2 16253.9  10027.0    10000  1683899456034  1683899461356
read      454.5   282.0   173.5   234.7   256.0   421.9   498.8   542.2   576.3   617.4   675.5   773.0   993.1  2913.6 12568.3  15085.6    15000  1683899462859  1683899468152
read      478.6   321.2   160.7   224.0   240.9   413.5   507.9   564.4   614.0   699.9   839.8   990.2  1253.7  1830.7 12118.9  19995.4    20000  1683899469656  1683899474971
read      505.2   357.2   160.7   222.5   240.8   417.9   518.8   582.9   643.7   766.7   927.9  1166.6  1437.9  2564.6 12188.3  25208.6    25000  1683899476474  1683899481759
read      511.9   398.6   160.7   223.0   239.6   412.1   522.9   593.2   664.2   781.6   944.2  1220.8  1542.5  3777.4 11602.7  30023.6    30000  1683899483262  1683899488551
read      494.9   358.9   160.7   222.3   238.1   405.9   523.1   594.4   656.8   738.2   867.0  1086.4  1513.8  2158.1 11843.5  35044.0    35000  1683899490054  1683899495326
read      488.7   345.7   160.7   220.2   235.4   396.3   518.2   597.7   662.3   743.8   861.9  1056.1  1478.2  3013.8 10869.3  39977.2    40000  1683899496830  1683899502117
read      471.9   306.8   160.7   219.5   234.8   388.2   505.6   582.9   643.2   718.7   817.9   997.1  1337.4  1908.6  9683.4  45000.0    45000  1683899503621  1683899508907
read      458.2   329.9   160.7   213.2   227.5   355.8   468.2   549.4   618.2   701.2   812.3  1039.5  1521.4  2062.8 10109.1  49894.0    50000  1683899510411  1683899515689
read      461.3   339.3   160.7   216.7   231.6   361.8   463.4   543.0   609.5   693.1   815.2  1052.6  1512.6  2401.0 12073.2  55138.6    55000  1683899517192  1683899522465
read      460.4   369.6   160.7   214.8   229.0   346.4   445.6   519.1   585.8   681.4   837.7  1123.4  1707.0  2415.7  9872.7  60005.8    60000  1683899523968  1683899529242
read      465.8   342.7   160.7   217.4   233.1   365.0   467.0   543.5   609.1   695.8   830.5  1059.8  1583.1  2427.0 10053.1  65055.8    65000  1683899530745  1683899536029
read      441.8   313.0   160.7   215.1   229.4   347.6   439.6   508.1   572.4   660.6   784.3   992.1  1446.2  2342.3  8951.6  70035.4    70000  1683899537533  1683899542823
read      451.3   333.8   160.7   218.8   233.1   350.9   443.9   515.3   583.7   674.0   801.2  1030.8  1537.4  2441.8  9319.8  74964.6    75000  1683899544331  1683899549608
read      496.9   397.8   160.7   226.2   244.7   373.9   474.6   560.5   643.4   752.9   928.0  1176.9  1832.7  2890.6 12592.6  80162.6    80000  1683899551112  1683899556396
read      601.5   538.0   160.7   234.8   256.8   393.6   567.3   732.7   878.2  1042.3  1213.8  1596.0  2300.9  3744.5 13205.8  84702.2    85000  1683899557900  1683899563182
read      741.4   842.8   160.7   262.3   288.8   406.2   629.3  1017.7  1302.7  1496.6  1644.3  1831.1  2743.6  9697.8 30450.1  84766.8    90000  1683899564686  1683899569968
read      746.7   878.5   160.7   279.2   300.6   387.6   528.0  1191.3  1427.3  1541.9  1654.1  1804.5  2737.1 10279.8 30988.8  88063.8    95000  1683899571472  1683899576750
read      777.1   991.4   160.7   287.7   309.7   401.1   568.1  1252.7  1453.0  1564.7  1674.1  1824.7  2728.4 12331.5 32182.1  85063.4   100000  1683899578254  1683899583526
read      791.3   958.9   160.7   291.1   316.5   410.9   588.9  1306.5  1481.6  1585.2  1689.9  1840.3  2764.6 12382.0 31069.2  83522.8   105000  1683899585030  1683899590305
read      786.5   952.8   160.7   289.3   313.7   410.3   608.6  1290.7  1467.9  1577.4  1684.3  1831.0  2723.7 12141.2 31569.9  84026.8   110000  1683899591808  1683899597087
read      787.6  1002.1   173.5   291.2   314.8   407.4   578.3  1269.6  1460.7  1575.5  1685.6  1841.6  2788.3 12051.5 32308.1  84101.6   115000  1683899598592  1683899603874
read      761.7   941.4   160.7   277.4   298.5   397.4   547.8  1226.4  1440.5  1551.1  1661.8  1812.2  2737.2 11200.1 31749.3  86737.2   120000  1683899605378  1683899610659
read      752.0   878.0   160.7   281.9   302.7   392.0   560.1  1152.5  1421.8  1542.4  1658.5  1809.0  2736.1  9957.6 30269.8  87502.2   125000  1683899612162  1683899617442
Warning! Detected max cpu usage > 95%
CPU Usage Stats (avg/min/max): 76.94%,30.81%,100.00%
----- End Round 1 -----