----- Start Round 1 -----
#type       avg     std     min      p5     p10     p50     p67     p75     p80     p85     p90     p95     p99    p999   p9999      QPS   target       ts_start         ts_end
read      388.7   356.8   173.5   259.5   284.0   364.2   395.2   414.7   430.0   450.0   475.7   521.1   651.2  4991.9 12818.6   5016.6     5000  1683899806479  1683899811878
read      388.8   252.7   173.5   240.5   261.8   375.4   413.7   433.2   449.4   467.4   495.4   540.0   656.4  4202.3  9679.7  10038.4    10000  1683899813382  1683899818710
read      403.2   239.4   173.5   238.3   258.9   389.8   439.9   465.5   484.9   506.7   537.6   585.0   732.7  3309.4 12064.2  14901.2    15000  1683899820213  1683899825513
read      400.9   238.0   160.7   233.4   254.7   385.9   442.9   470.6   491.1   512.8   543.0   592.0   729.0  3040.8 10063.5  19996.0    20000  1683899827016  1683899832307
read      408.8   229.0   173.5   232.8   254.9   388.3   451.3   484.1   505.5   532.7   567.3   623.5   765.1  2595.8 10661.7  25024.4    25000  1683899833810  1683899839104
read      399.4   219.5   173.5   230.0   249.6   377.9   438.4   473.8   497.4   524.0   556.5   612.0   765.5  1601.4  9887.8  29847.0    30000  1683899840608  1683899845899
read      399.8   183.4   160.7   226.7   246.7   381.6   437.5   470.5   495.7   524.2   559.4   619.2   799.1  1668.5  7912.9  35002.6    35000  1683899847403  1683899852689
read      404.8   240.2   160.7   226.5   245.4   383.4   443.6   477.4   502.2   532.2   571.1   634.8   813.4  1927.8 10496.7  40057.2    40000  1683899854192  1683899859461
read      389.6   190.1   160.7   223.6   240.9   369.7   427.5   460.8   485.3   512.9   548.3   607.7   781.2  1837.7  8321.9  44947.0    45000  1683899860964  1683899866231
read      426.1   426.5   160.7   220.7   235.9   352.5   415.7   455.8   485.6   520.9   571.1   688.8  2175.5  5918.8 10096.4  49898.0    50000  1683899867734  1683899873018
read      380.6   191.1   160.7   220.6   235.4   350.5   415.7   454.5   482.1   514.0   553.0   619.3   802.6  1433.7  7858.1  54919.6    55000  1683899874522  1683899879802
read      376.3   247.0   160.7   219.2   233.6   343.7   404.8   441.4   468.8   501.8   542.3   604.2   780.8  2345.8 10687.7  59982.0    60000  1683899881306  1683899886586
read      371.1   194.3   160.7   219.1   232.8   340.4   400.7   437.2   464.6   496.9   537.1   598.0   794.9  1745.5  7436.7  64852.0    65000  1683899888091  1683899893390
read      361.2   181.8   160.7   217.1   230.3   331.0   391.4   427.3   454.7   486.7   526.2   584.9   729.7  1525.9  8716.5  69814.4    70000  1683899894895  1683899900170
read      350.8   176.6   160.7   214.3   227.4   320.2   376.4   410.7   436.4   468.1   508.1   569.9   720.7  1480.3  6898.2  74926.2    75000  1683899901677  1683899906967
read      348.0   173.5   160.7   213.9   227.1   317.1   372.0   405.2   431.3   463.2   503.8   567.5   709.1  1735.3  5890.2  79832.4    80000  1683899908470  1683899913749
read      347.0   151.4   160.7   214.1   227.5   319.3   372.6   403.7   428.4   458.4   497.5   557.3   702.6  1525.5  4827.2  84767.6    85000  1683899915252  1683899920529
read      342.3   184.8   160.7   213.9   226.9   314.7   364.1   393.6   416.3   444.5   482.5   542.3   690.5  1887.8  6680.3  90063.6    90000  1683899922032  1683899927310
read      342.7   181.8   160.7   215.7   228.5   316.4   364.7   393.3   415.2   442.2   479.1   539.5   683.1  2008.4  6438.1  94963.2    95000  1683899928815  1683899934093
read      340.8   179.4   160.7   216.1   229.1   317.4   364.8   392.4   413.2   438.2   472.9   531.8   665.9  1256.1  7482.4  99930.0   100000  1683899935597  1683899940873
read      346.8   335.2   160.7   219.2   232.7   325.1   371.5   398.4   419.2   444.0   477.6   534.4   675.4  1207.8  8671.5 104742.0   105000  1683899942376  1683899947652
read      363.3   196.3   160.7   224.2   241.1   342.9   390.7   417.8   437.0   463.3   498.3   556.3   711.6  1469.7  7361.4 110022.8   110000  1683899949155  1683899954429
read      352.0   135.1   160.7   222.3   238.2   333.6   378.8   404.1   424.9   449.2   481.8   537.9   683.0  1133.2  5009.1 115050.4   115000  1683899955933  1683899961217
read      346.3   207.1   160.7   220.6   235.6   328.3   371.6   396.8   415.8   437.8   468.7   521.9   653.2  1105.1  8546.3 119989.0   120000  1683899962721  1683899967999
read      385.5   188.5   160.7   227.6   246.4   359.1   413.1   447.1   472.7   507.4   554.2   630.1   780.5  1183.5  8189.1 124773.4   125000  1683899969503  1683899974786
Warning! Detected max cpu usage > 95%
CPU Usage Stats (avg/min/max): 69.85%,2.01%,100.00%
----- End Round 1 -----