----- Start Round 1 -----
1683899806.314485 [2.1, 1.0, 3.0, 1.0]
1683899807.3151076 [2.1, 3.1, 0.0, 0.0]
1683899808.3164976 [1.1, 1.1, 0.0, 2.0]
1683899809.317869 [1.1, 4.2, 0.0, 2.0]
1683899810.319315 [3.2, 1.1, 2.0, 1.0]
1683899811.3203213 [3.1, 2.1, 4.0, 2.0]
1683899812.3212361 [0.0, 0.0, 0.0, 0.0]
1683899813.3225784 [4.2, 6.2, 1.0, 1.0]
1683899814.3232434 [7.3, 5.3, 2.1, 3.1]
1683899815.3247168 [4.3, 4.3, 2.1, 2.1]
1683899816.3262236 [5.4, 6.4, 2.1, 1.1]
1683899817.3270764 [4.3, 4.3, 1.1, 2.1]
1683899818.328518 [0.0, 3.0, 0.0, 0.0]
1683899819.3299263 [2.9, 1.0, 2.0, 0.0]
1683899820.3312936 [12.4, 12.2, 3.2, 3.1]
1683899821.332743 [13.4, 14.3, 6.2, 5.1]
1683899822.3343406 [11.5, 14.3, 6.2, 2.1]
1683899823.3352094 [16.0, 14.1, 6.2, 4.1]
1683899824.336621 [16.0, 12.5, 5.2, 5.1]
1683899825.338274 [2.0, 2.0, 1.0, 1.0]
1683899826.3397133 [4.0, 3.0, 3.0, 2.0]
1683899827.3410656 [28.2, 22.1, 3.2, 3.2]
1683899828.3427148 [26.9, 22.9, 5.2, 4.2]
1683899829.3441913 [30.4, 26.9, 7.2, 4.2]
1683899830.3455474 [24.0, 15.5, 7.2, 3.1]
1683899831.3470204 [24.5, 21.9, 7.1, 6.2]
1683899832.3484015 [0.0, 0.0, 0.0, 0.0]
1683899833.3497481 [11.7, 11.5, 4.0, 1.0]
1683899834.3512974 [37.3, 36.4, 8.3, 7.3]
1683899835.3526611 [36.2, 35.7, 5.3, 8.2]
1683899836.3543246 [33.3, 32.7, 7.4, 10.1]
1683899837.355761 [32.7, 32.7, 11.1, 9.2]
1683899838.3571548 [22.6, 23.4, 4.2, 5.2]
1683899839.358523 [2.0, 0.0, 0.0, 1.0]
1683899840.3599546 [26.5, 22.2, 4.2, 5.1]
1683899841.3613791 [43.7, 37.6, 10.4, 12.2]
1683899842.3629558 [41.3, 36.0, 9.5, 12.9]
1683899843.364352 [42.1, 35.7, 8.5, 7.4]
1683899844.3657484 [40.3, 38.3, 10.5, 6.4]
1683899845.3674684 [26.1, 16.5, 5.1, 4.1]
1683899846.3688853 [0.0, 0.0, 1.0, 2.0]
1683899847.3702602 [36.4, 36.4, 4.3, 3.2]
1683899848.3716588 [44.6, 43.9, 14.3, 9.4]
1683899849.3730838 [49.6, 46.8, 12.6, 9.4]
1683899850.3748438 [46.8, 44.3, 8.7, 8.4]
1683899851.3764973 [46.8, 45.2, 12.5, 10.2]
1683899852.3782842 [19.1, 16.7, 5.0, 4.1]
1683899853.379687 [1.0, 1.0, 0.0, 1.0]
1683899854.3810482 [47.2, 53.4, 8.7, 10.9]
1683899855.3829846 [50.8, 53.8, 12.5, 14.4]
1683899856.3844972 [47.1, 55.6, 11.7, 14.6]
1683899857.3862584 [47.1, 53.1, 12.4, 12.6]
1683899858.3877342 [49.2, 54.5, 9.8, 12.6]
1683899859.3891308 [2.0, 1.0, 1.0, 2.0]
1683899860.390545 [14.2, 14.3, 3.1, 2.1]
1683899861.3919592 [47.0, 56.2, 12.9, 12.9]
1683899862.3933809 [51.2, 59.1, 16.7, 13.0]
1683899863.3941598 [50.8, 56.8, 12.9, 14.7]
1683899864.3953426 [49.2, 51.6, 10.9, 11.6]
1683899865.396717 [42.1, 46.0, 10.5, 9.3]
1683899866.3980596 [1.0, 0.0, 2.0, 3.0]
1683899867.3990786 [28.8, 29.1, 8.2, 6.3]
1683899868.4006429 [58.2, 57.7, 16.5, 9.2]
1683899869.4024775 [45.7, 45.4, 9.7, 5.7]
1683899870.4032326 [50.8, 52.7, 8.5, 11.7]
1683899871.4046454 [52.0, 51.6, 8.6, 11.7]
1683899872.405642 [32.2, 32.5, 4.2, 8.2]
1683899873.4070325 [0.0, 0.0, 0.0, 0.0]
1683899874.408409 [41.5, 47.9, 10.3, 5.6]
1683899875.4098709 [54.8, 63.9, 12.6, 12.9]
1683899876.4112918 [54.5, 64.5, 11.7, 13.0]
1683899877.4127717 [55.5, 63.2, 7.5, 6.8]
1683899878.414548 [52.8, 60.6, 9.6, 11.7]
1683899879.4152136 [19.8, 25.2, 7.8, 4.1]
1683899880.4166498 [0.0, 0.0, 0.0, 1.0]
1683899881.4180057 [55.8, 59.2, 8.8, 10.5]
1683899882.4192603 [59.5, 62.7, 8.6, 10.2]
1683899883.4207623 [57.3, 59.3, 9.4, 11.2]
1683899884.4223857 [58.3, 61.1, 6.5, 12.1]
1683899885.4231627 [59.5, 60.9, 5.5, 15.8]
1683899886.4246168 [7.8, 7.9, 1.0, 1.0]
1683899887.42601 [7.8, 7.9, 3.0, 2.0]
1683899888.4275975 [66.4, 63.8, 9.2, 9.2]
1683899889.429087 [64.8, 60.3, 10.8, 15.8]
1683899890.4307957 [63.8, 62.8, 10.9, 11.0]
1683899891.4322495 [63.8, 61.9, 12.8, 13.8]
1683899892.433845 [59.8, 58.5, 4.6, 8.9]
1683899893.4355443 [0.0, 1.0, 0.0, 1.0]
1683899894.436967 [24.8, 21.8, 4.2, 4.2]
1683899895.4385061 [64.5, 64.2, 10.2, 12.1]
1683899896.4399655 [64.5, 63.6, 11.2, 12.1]
1683899897.4415514 [66.4, 65.1, 9.1, 10.0]
1683899898.4431286 [63.4, 63.3, 9.1, 8.9]
1683899899.4445813 [48.3, 47.0, 7.6, 9.4]
1683899900.4460075 [0.0, 0.0, 0.0, 0.0]
1683899901.4474146 [41.1, 42.0, 9.7, 5.6]
1683899902.448807 [65.3, 66.9, 14.6, 11.4]
1683899903.4503696 [66.4, 67.5, 11.8, 10.5]
1683899904.4518774 [65.6, 66.7, 10.5, 13.0]
1683899905.4532301 [65.6, 64.7, 16.1, 11.2]
1683899906.454705 [33.3, 34.8, 7.4, 5.3]
1683899907.456128 [1.0, 1.0, 1.0, 0.0]
1683899908.4575822 [55.0, 54.9, 6.7, 10.5]
1683899909.459075 [69.7, 68.6, 11.1, 12.9]
1683899910.4606843 [68.9, 66.9, 9.0, 8.8]
1683899911.4623306 [68.9, 68.3, 10.0, 14.0]
1683899912.4638186 [68.6, 65.8, 5.9, 10.8]
1683899913.4653306 [19.8, 18.4, 1.0, 0.0]
1683899914.4668167 [2.0, 0.0, 2.9, 0.0]
1683899915.4682395 [70.3, 70.3, 7.4, 7.0]
1683899916.4699132 [73.6, 74.2, 14.0, 9.1]
1683899917.4717426 [71.4, 70.7, 11.6, 7.0]
1683899918.4731946 [72.9, 75.0, 8.6, 8.0]
1683899919.4747868 [71.7, 70.8, 15.6, 11.2]
1683899920.4762988 [1.0, 1.0, 0.0, 0.0]
1683899921.4777462 [19.6, 17.8, 5.2, 3.1]
1683899922.479265 [74.8, 76.0, 11.5, 7.1]
1683899923.4807353 [72.3, 71.6, 13.6, 7.1]
1683899924.4822986 [74.1, 72.4, 13.4, 9.0]
1683899925.4838874 [74.6, 74.1, 11.4, 5.9]
1683899926.4855325 [59.5, 58.4, 9.5, 9.8]
1683899927.486954 [1.0, 0.0, 0.0, 2.0]
1683899928.488363 [39.3, 37.5, 5.5, 5.5]
1683899929.4901 [77.7, 76.9, 12.9, 13.3]
1683899930.4917243 [79.6, 78.9, 12.3, 10.1]
1683899931.4932365 [75.7, 75.4, 8.5, 8.9]
1683899932.4948025 [77.7, 76.3, 10.8, 14.0]
1683899933.4962645 [45.2, 46.2, 8.7, 7.8]
1683899934.4977832 [0.0, 2.0, 0.0, 0.0]
1683899935.4991736 [54.3, 56.7, 8.8, 7.0]
1683899936.5007162 [77.3, 81.8, 9.4, 13.3]
1683899937.5022125 [77.2, 81.0, 9.3, 8.7]
1683899938.5033162 [79.5, 83.3, 8.4, 8.9]
1683899939.5051522 [78.9, 83.2, 11.5, 13.4]
1683899940.5070164 [27.6, 28.8, 5.2, 4.2]
1683899941.5084023 [0.0, 2.0, 1.0, 1.0]
1683899942.5097961 [74.1, 77.8, 8.4, 6.2]
1683899943.5112169 [80.9, 83.6, 10.8, 11.0]
1683899944.512785 [84.3, 87.7, 10.0, 11.1]
1683899945.5144587 [80.6, 84.1, 6.3, 10.8]
1683899946.5159733 [83.2, 85.7, 11.0, 9.9]
1683899947.517729 [7.9, 7.1, 3.0, 4.0]
1683899948.5192072 [13.1, 13.9, 2.0, 3.1]
1683899949.5209007 [87.7, 86.7, 12.9, 9.5]
1683899950.5226386 [91.6, 89.9, 13.3, 11.0]
1683899951.5241983 [87.7, 86.9, 11.9, 11.8]
1683899952.5259514 [93.3, 91.5, 12.0, 8.6]
1683899953.5276952 [76.9, 73.6, 10.2, 7.0]
1683899954.5291536 [0.0, 1.0, 2.0, 0.0]
1683899955.5305839 [33.3, 33.3, 4.2, 4.3]
1683899956.532067 [86.4, 89.7, 13.1, 16.5]
1683899957.5336366 [86.7, 88.6, 11.8, 10.4]
1683899958.5352316 [92.5, 93.2, 11.9, 10.8]
1683899959.5369189 [90.4, 92.4, 14.0, 16.5]
1683899960.5385723 [56.0, 56.2, 5.6, 4.7]
1683899961.5400403 [0.0, 0.0, 1.0, 1.0]
1683899962.5414584 [56.9, 53.9, 5.7, 8.0]
1683899963.5431063 [88.0, 85.7, 8.8, 8.0]
1683899964.5446477 [93.2, 92.4, 16.7, 18.3]
1683899965.5463796 [89.2, 88.6, 13.3, 12.7]
1683899966.5472236 [89.7, 88.6, 9.1, 13.0]
1683899967.548841 [38.0, 37.0, 2.2, 3.3]
1683899968.5500464 [1.0, 2.0, 0.0, 0.0]
1683899969.5515342 [76.5, 77.0, 7.2, 12.0]
1683899970.553284 [99.0, 99.0, 16.7, 13.0]
1683899971.554907 [92.2, 93.2, 10.0, 12.7]
1683899972.5564544 [94.1, 96.0, 7.8, 8.2]
1683899973.5581877 [88.3, 89.6, 9.9, 11.4]
1683899974.5597548 [17.0, 17.0, 1.1, 3.1]
1683899975.561165 [0.0, 0.0, 0.0, 0.0]
----- End Round 1 -----