----- Start Round 1 -----
[15.8, 17.8, 4.7, 5.0]
[29.1, 22.1, 5.6, 6.1]
[27.7, 19.3, 8.0, 5.7]
[29.2, 23.8, 6.4, 3.7]
[42.9, 47.1, 9.6, 12.5]
[38.2, 40.7, 7.8, 8.5]
[36.3, 37.9, 6.8, 7.8]
[36.1, 36.9, 6.1, 6.3]
[59.0, 56.8, 9.4, 9.5]
[43.1, 42.9, 6.2, 6.0]
[42.4, 42.6, 6.7, 6.6]
[45.8, 47.9, 9.2, 7.2]
[62.3, 63.6, 9.4, 11.9]
[49.8, 43.8, 7.2, 7.4]
[49.5, 44.8, 6.4, 8.1]
[56.4, 57.8, 9.5, 10.9]
[67.6, 67.5, 9.3, 7.3]
[52.7, 53.5, 6.5, 7.6]
[52.9, 53.3, 5.9, 6.8]
[72.6, 70.1, 9.6, 9.7]
[70.3, 65.7, 9.4, 10.9]
[57.7, 57.9, 6.6, 5.8]
[58.1, 60.3, 7.2, 8.7]
[83.1, 80.3, 11.3, 9.4]
[68.2, 67.8, 8.7, 8.5]
----- End Round 1 -----