----- Start Round 1 -----
#type       avg     std     min      p5     p10     p50     p67     p75     p80     p85     p90     p95     p99    p999   p9999      QPS   target       ts_start         ts_end
read      393.5   336.9   187.4   266.2   290.4   367.0   396.2   414.3   428.7   446.9   470.2   517.9   686.6  5717.1 12566.6   4919.8     5000  1683895635533  1683895641034
read      402.8   310.8   173.5   246.9   271.6   387.8   429.8   452.9   468.3   487.9   508.8   546.1   646.7  4409.6 12203.3   9958.2    10000  1683895642540  1683895647899
read      414.9   822.9   173.5   236.7   259.2   398.4   456.8   485.4   503.8   525.9   549.7   588.3   686.4  3332.3 13828.3  14935.4    15000  1683895649404  1683895654714
read      416.4   258.4   173.5   232.8   254.6   397.4   466.6   501.7   524.4   547.6   577.4   620.0   728.2  2494.6 11513.5  20024.4    20000  1683895656218  1683895661538
read      416.2   216.6   160.7   230.5   251.7   395.2   466.8   506.5   531.4   557.7   588.6   632.0   746.6  2775.1  8113.0  24953.0    25000  1683895663042  1683895668357
read      412.3   204.2   173.5   228.7   248.6   390.3   461.3   503.5   532.1   562.7   596.7   640.6   758.8  1195.6  8047.6  29946.4    30000  1683895669861  1683895675179
read      415.6   233.3   160.7   228.6   248.5   391.5   462.6   504.6   534.7   567.1   602.8   651.1   774.7  2144.6 10705.5  34896.6    35000  1683895676682  1683895681963
read      404.7   233.2   160.7   224.4   242.0   374.9   448.5   493.1   525.1   559.5   597.0   649.2   787.3  1611.8  8789.8  40004.4    40000  1683895683467  1683895688756
read      404.0   205.2   160.7   225.5   243.2   376.5   444.0   486.5   518.2   553.7   593.0   644.7   781.4  2174.9  7503.6  44934.6    45000  1683895690261  1683895695552
read      394.6   196.9   160.7   223.2   239.6   364.7   432.0   473.6   506.8   544.2   587.4   641.0   771.2  1739.2  7255.4  50049.2    50000  1683895697055  1683895702344
read      383.6   204.8   160.7   221.6   236.5   351.6   417.4   459.1   492.5   531.9   577.5   634.0   744.7  1419.6  6760.2  55057.5    55000  1683895703847  1683895709138
read      378.9   199.7   160.7   218.4   232.3   343.0   409.2   452.4   486.7   527.5   574.8   635.2   766.2  1586.0  7395.2  60043.4    60000  1683895710641  1683895715915
read      371.5   207.8   160.7   216.9   230.4   335.5   399.8   439.6   471.1   511.5   561.6   625.7   753.3  1534.4  8730.2  64952.7    65000  1683895717419  1683895722714
read      365.8   174.7   160.7   215.9   229.1   329.7   392.5   432.4   464.5   503.9   552.7   620.3   744.9  1761.5  7057.8  69998.6    70000  1683895724216  1683895729517
read      358.4   180.4   160.7   216.2   228.8   322.7   383.3   421.0   450.9   488.7   536.5   600.8   731.4  1722.9  4647.0  74964.3    75000  1683895731020  1683895736297
read      355.6   204.2   160.7   216.0   228.3   316.4   374.3   413.7   445.2   484.3   534.7   605.4   748.6  1590.4  8255.5  79854.4    80000  1683895737801  1683895743083
read      347.6   184.8   160.7   215.6   228.0   315.3   368.5   401.1   427.4   461.2   506.2   573.6   709.3  1600.6  7964.1  84968.6    85000  1683895744587  1683895749867
read      351.0   166.8   160.7   216.0   228.9   321.7   375.6   407.7   432.9   464.9   507.1   574.0   720.2  1425.0  5315.8  89987.0    90000  1683895751370  1683895756641
read      344.1   160.6   160.7   215.9   228.5   318.4   368.8   398.3   421.8   451.2   491.3   551.1   678.4  1120.3  6958.9  95110.8    95000  1683895758145  1683895763435
read      349.0   166.8   160.7   218.8   231.8   323.9   373.5   402.4   425.9   454.9   494.0   552.5   690.4  1289.8  7137.9  99989.4   100000  1683895764937  1683895770219
read      342.3   175.7   160.7   217.1   229.6   316.7   364.6   393.0   414.7   442.0   480.5   542.2   682.2  1500.9  6061.7 105007.2   105000  1683895771722  1683895777010
read      360.7   163.7   160.7   221.6   237.3   339.6   389.6   418.4   439.6   466.7   503.0   563.3   709.9  1204.6  6476.2 109883.4   110000  1683895778513  1683895783799
read      343.9   164.6   160.7   219.5   233.1   323.1   367.8   393.9   413.6   437.6   471.4   529.7   666.3  1150.7  8358.1 115257.8   115000  1683895785302  1683895790599
read      359.9   158.4   160.7   225.0   241.7   342.3   388.2   414.4   433.7   459.3   493.2   546.8   684.1  1139.0  6289.7 119878.8   120000  1683895792103  1683895797387
read      418.8   191.9   160.7   235.4   257.8   385.2   445.9   486.7   520.5   565.5   626.9   720.5   898.1  1245.8  6721.1 123942.2   125000  1683895798892  1683895804200
Warning! Detected max cpu usage > 95%
CPU Usage Stats (avg/min/max): 82.41%,29.65%,100.00%
----- End Round 1 -----