Start measurement of CPU utilization
1684073850.6532388 [0.0, 0.0, 0.0, 0.0]
1684073851.654614 [1.0, 2.0, 3.0, 3.0]
1684073852.6559474 [1.0, 1.0, 0.0, 1.0]
1684073853.657303 [1.0, 1.0, 0.0, 2.0]
1684073854.6586547 [1.0, 0.0, 0.0, 0.0]
1684073855.6599627 [0.0, 2.0, 0.0, 0.0]
1684073856.6608493 [0.0, 0.0, 0.0, 0.0]
1684073857.6623452 [1.0, 1.0, 2.0, 2.0]
1684073858.66371 [5.0, 0.0, 2.0, 2.0]
1684073859.6650593 [16.4, 3.0, 2.0, 3.0]
1684073860.666426 [16.5, 3.0, 5.8, 3.0]
1684073861.667863 [15.7, 4.9, 3.0, 4.0]
1684073862.6693735 [21.4, 4.0, 6.7, 1.0]
1684073863.6707773 [14.5, 3.0, 3.9, 3.0]
1684073864.6721804 [1.0, 0.0, 0.0, 0.0]
1684073865.6735897 [25.2, 1.0, 2.0, 2.0]
1684073866.6749475 [38.6, 6.8, 5.0, 3.0]
1684073867.6764104 [38.4, 8.6, 10.5, 7.8]
1684073868.6777828 [36.8, 5.9, 4.0, 5.0]
1684073869.6786466 [37.2, 5.0, 6.8, 6.8]
1684073870.6800022 [21.2, 2.0, 2.0, 2.0]
1684073871.6813684 [1.0, 1.0, 1.0, 1.0]
1684073872.6827378 [37.8, 4.0, 3.0, 5.9]
1684073873.6841948 [47.7, 6.9, 7.8, 5.1]
1684073874.6855638 [49.0, 6.9, 2.1, 4.0]
1684073875.6869533 [49.4, 9.6, 5.9, 6.1]
1684073876.6884043 [48.4, 6.9, 5.1, 6.9]
1684073877.6897573 [17.5, 2.0, 2.0, 2.0]
1684073878.6911042 [1.0, 0.0, 2.0, 0.0]
1684073879.6924596 [52.9, 4.1, 4.2, 6.0]
1684073880.693813 [54.9, 6.0, 9.9, 3.1]
1684073881.6953154 [53.5, 5.1, 7.1, 2.1]
1684073882.6968277 [55.6, 8.8, 6.1, 8.8]
1684073883.6981716 [56.1, 5.1, 4.2, 3.1]
1684073884.6997144 [3.9, 1.0, 2.0, 0.0]
1684073885.7011442 [13.8, 3.0, 1.0, 3.0]
1684073886.7025135 [58.5, 9.9, 5.2, 4.3]
1684073887.704082 [58.6, 7.2, 7.1, 7.4]
1684073888.7054946 [58.1, 7.1, 4.2, 9.3]
1684073889.706855 [58.4, 9.0, 7.1, 6.3]
1684073890.7084067 [52.3, 7.1, 10.6, 4.2]
1684073891.7097986 [0.0, 2.0, 1.0, 1.0]
1684073892.7111325 [30.6, 3.1, 3.0, 1.0]
1684073893.7126186 [61.0, 4.3, 6.1, 4.3]
1684073894.7140546 [61.6, 7.2, 4.2, 7.2]
1684073895.7155674 [62.6, 5.3, 7.1, 7.3]
1684073896.7170815 [61.5, 6.3, 7.1, 6.3]
1684073897.7184923 [44.9, 5.1, 1.1, 3.1]
1684073898.7198308 [0.0, 1.0, 0.0, 2.0]
1684073899.720356 [44.5, 1.1, 7.1, 3.1]
1684073900.7217786 [65.4, 7.4, 6.5, 8.2]
1684073901.7232504 [64.7, 4.4, 6.5, 6.2]
1684073902.7248456 [64.7, 4.4, 10.4, 5.3]
1684073903.7262456 [64.5, 6.4, 8.4, 5.2]
1684073904.727747 [31.1, 4.1, 2.1, 2.0]
1684073905.7291846 [0.0, 2.0, 0.0, 1.0]
1684073906.7305994 [59.3, 3.2, 2.2, 2.2]
1684073907.7321477 [66.7, 7.4, 7.5, 10.6]
1684073908.7335565 [66.7, 6.2, 5.4, 5.5]
1684073909.7349284 [66.0, 5.3, 5.4, 6.4]
1684073910.7365556 [65.3, 4.3, 4.3, 5.4]
1684073911.7379577 [14.0, 2.0, 2.0, 4.0]
1684073912.7393026 [6.9, 2.0, 2.0, 2.0]
1684073913.7407854 [70.2, 10.6, 5.4, 5.4]
1684073914.7421987 [69.9, 5.4, 1.1, 4.3]
1684073915.7437556 [69.7, 5.4, 2.2, 4.3]
1684073916.7451692 [68.8, 6.4, 2.2, 9.1]
1684073917.7465515 [65.7, 4.3, 3.2, 7.3]
1684073918.7478242 [1.0, 0.0, 1.0, 0.0]
1684073919.7491727 [27.7, 3.1, 1.1, 2.1]
1684073920.75052 [71.7, 7.4, 7.9, 4.5]
1684073921.7521386 [71.2, 5.4, 3.4, 7.6]
1684073922.7536354 [71.1, 3.3, 5.6, 4.3]
1684073923.7552028 [70.7, 4.3, 4.5, 2.2]
1684073924.7566805 [53.9, 8.9, 3.2, 4.2]
1684073925.758097 [1.0, 0.0, 1.0, 1.0]
1684073926.7594588 [44.4, 4.2, 2.2, 2.2]
1684073927.7608957 [73.3, 4.4, 6.7, 4.4]
1684073928.7622664 [72.8, 6.4, 5.5, 5.4]
1684073929.7638555 [72.5, 6.5, 6.6, 6.5]
1684073930.7653515 [72.8, 5.4, 8.7, 4.4]
1684073931.7667809 [41.0, 5.1, 3.1, 5.1]
1684073932.7679143 [0.0, 1.0, 0.0, 1.0]
1684073933.7692611 [61.7, 3.3, 0.0, 2.2]
1684073934.7701223 [76.2, 2.3, 3.4, 5.4]
1684073935.7715259 [75.9, 7.5, 3.4, 4.3]
1684073936.7731042 [75.0, 4.4, 3.4, 1.1]
1684073937.77453 [77.5, 5.5, 3.4, 8.4]
1684073938.7759886 [23.1, 3.0, 2.0, 1.0]
1684073939.7773688 [0.0, 0.0, 1.0, 0.0]
1684073940.7787743 [77.6, 3.5, 4.5, 3.5]
1684073941.7803159 [77.3, 4.5, 3.3, 4.5]
1684073942.781709 [78.9, 7.7, 6.5, 6.6]
1684073943.78337 [78.1, 6.7, 3.4, 5.6]
1684073944.784977 [78.7, 4.6, 4.4, 4.5]
1684073945.7864463 [4.0, 2.0, 1.0, 1.0]
1684073946.7878191 [19.4, 1.0, 1.0, 2.0]
1684073947.789299 [84.0, 7.4, 6.8, 10.9]
1684073948.7907093 [84.2, 2.2, 3.5, 4.5]
1684073949.792226 [83.9, 8.5, 5.7, 6.7]
1684073950.7937267 [84.0, 4.4, 3.5, 5.7]
1684073951.7953477 [69.0, 4.3, 6.5, 5.5]
1684073952.7967424 [0.0, 0.0, 0.0, 0.0]
1684073953.7981105 [39.3, 0.0, 3.1, 0.0]
1684073954.7995398 [84.7, 3.7, 3.4, 5.7]
1684073955.8015106 [83.8, 4.9, 3.3, 5.7]
1684073956.8032298 [83.5, 4.9, 3.4, 4.7]
1684073957.8048654 [83.9, 7.2, 5.5, 5.7]
1684073958.8063984 [53.6, 4.4, 3.2, 3.3]
1684073959.8077796 [0.0, 0.0, 0.0, 0.0]
1684073960.8091218 [61.3, 1.1, 2.2, 1.1]
1684073961.8105075 [90.2, 3.6, 4.7, 4.7]
1684073962.8120723 [90.1, 3.6, 4.7, 4.8]
1684073963.813541 [88.4, 4.7, 8.0, 4.7]
1684073964.8149467 [90.2, 7.0, 4.7, 5.7]
1684073965.8166246 [34.6, 4.1, 1.1, 1.1]
1684073966.8180742 [0.0, 0.0, 0.0, 0.0]
1684073967.819431 [85.3, 3.5, 4.6, 5.8]
1684073968.8209906 [95.3, 2.4, 2.4, 2.5]
1684073969.8221018 [94.3, 5.8, 5.8, 6.0]
1684073970.823686 [95.2, 4.7, 3.5, 6.0]
1684073971.825244 [94.3, 8.0, 4.7, 6.0]
1684073972.826865 [11.1, 2.0, 2.0, 3.0]
1684073973.828367 [12.0, 0.0, 1.0, 0.0]
1684073974.8299217 [100.0, 6.0, 6.7, 3.5]
1684073975.831388 [100.0, 6.0, 4.5, 2.4]
1684073976.8329763 [100.0, 2.5, 3.4, 5.7]
1684073977.834619 [100.0, 6.0, 3.4, 5.7]
1684073978.8361983 [88.1, 4.7, 1.1, 3.4]
1684073979.8375971 [0.0, 0.0, 1.0, 0.0]
1684073980.8387609 [35.7, 3.1, 2.1, 0.0]
1684073981.8403783 [99.0, 6.7, 2.5, 6.1]
1684073982.8419569 [100.0, 3.4, 7.1, 4.9]
1684073983.8435047 [100.0, 4.7, 3.6, 7.3]
1684073984.8449972 [100.0, 2.4, 3.7, 5.0]
1684073985.8465624 [66.0, 5.3, 5.5, 3.4]
1684073986.8480382 [1.0, 0.0, 1.0, 0.0]
1684073987.849388 [55.0, 3.3, 1.1, 3.3]
1684073988.850941 [100.0, 5.7, 6.8, 10.2]
1684073989.852496 [100.0, 5.7, 1.2, 9.2]
1684073990.8540578 [100.0, 9.0, 3.5, 8.1]
1684073991.8555932 [100.0, 3.6, 3.5, 2.5]
1684073992.8572273 [45.0, 3.2, 2.1, 5.3]
1684073993.8586266 [1.0, 0.0, 0.0, 1.0]
1684073994.859971 [78.0, 3.4, 2.4, 1.1]
1684073995.861525 [100.0, 3.6, 6.2, 5.7]
1684073996.8631988 [100.0, 3.5, 3.8, 1.2]
1684073997.8648627 [100.0, 7.0, 5.0, 7.8]
1684073998.86637 [99.0, 4.7, 7.3, 2.3]
1684073999.867976 [23.0, 1.0, 1.0, 1.0]
1684074000.8694024 [0.0, 1.0, 0.0, 1.0]
1684074001.870734 [99.0, 4.9, 7.9, 7.1]
1684074002.8722172 [100.0, 8.3, 4.6, 9.3]
1684074003.873818 [100.0, 4.9, 4.6, 3.7]
1684074004.8754132 [100.0, 7.2, 3.4, 8.1]
1684074005.876929 [100.0, 8.4, 3.5, 7.1]
1684074006.8784418 [0.0, 1.0, 0.0, 0.0]
1684074007.8798375 [23.0, 2.1, 2.1, 2.1]
1684074008.8813462 [100.0, 6.9, 3.6, 4.7]
1684074009.8828802 [100.0, 8.0, 4.8, 3.6]
1684074010.8844206 [100.0, 3.6, 3.7, 6.9]
1684074011.8860285 [100.0, 5.8, 3.7, 4.8]
1684074012.8876963 [78.0, 5.6, 7.8, 2.3]
1684074013.8885815 [2.0, 0.0, 1.0, 1.0]
1684074014.8899395 [45.0, 2.2, 0.0, 1.1]
1684074015.8914366 [100.0, 6.3, 2.4, 5.7]
1684074016.892999 [100.0, 6.2, 4.7, 3.5]
1684074017.8945136 [100.0, 6.2, 3.6, 6.7]
1684074018.8959575 [100.0, 5.0, 4.7, 7.7]
1684074019.8974383 [55.0, 5.4, 3.2, 2.2]
1684074020.898816 [1.0, 1.0, 1.0, 0.0]
1684074021.900178 [66.3, 4.3, 3.4, 9.5]
1684074022.901657 [100.0, 5.6, 8.1, 4.8]
1684074023.9032028 [100.0, 1.2, 2.4, 3.7]
1684074024.9046671 [100.0, 3.4, 4.8, 5.9]
1684074025.9061742 [100.0, 5.6, 4.8, 4.8]
1684074026.90719 [34.0, 6.0, 1.1, 3.1]
1684074027.9086332 [2.0, 0.0, 0.0, 0.0]