Start measurement of CPU utilization
1684073528.3299968 [0.0, 0.0, 1.0, 1.0]
1684073529.3314035 [0.0, 0.0, 0.0, 0.0]
1684073530.3327944 [0.0, 0.0, 0.0, 1.0]
1684073531.3341978 [1.0, 0.0, 0.0, 0.0]
1684073532.335704 [1.0, 1.0, 1.0, 0.0]
1684073533.3370836 [0.0, 0.0, 0.0, 0.0]
1684073534.338477 [1.0, 0.0, 0.0, 1.0]
1684073535.339835 [0.0, 0.0, 2.0, 0.0]
1684073536.341194 [1.0, 0.0, 1.0, 1.0]
1684073537.3425708 [0.0, 0.0, 1.0, 1.0]
1684073538.343922 [0.0, 2.0, 0.0, 0.0]
1684073539.3452837 [1.0, 1.0, 0.0, 1.0]
1684073540.3459768 [1.0, 0.0, 2.0, 1.0]
1684073541.347352 [1.0, 2.0, 0.0, 0.0]
1684073542.348707 [0.0, 0.0, 1.0, 1.0]
1684073543.3500562 [1.0, 0.0, 0.0, 0.0]
1684073544.3514204 [1.0, 1.0, 0.0, 1.0]
1684073545.352771 [21.6, 3.0, 2.0, 2.0]
1684073546.354147 [22.9, 5.8, 3.0, 4.9]
1684073547.355652 [18.6, 3.9, 4.9, 3.0]
1684073548.3570516 [21.4, 3.0, 3.0, 4.9]
1684073549.3584073 [20.9, 1.0, 5.7, 3.0]
1684073550.359853 [2.0, 1.0, 1.0, 0.0]
1684073551.3612206 [6.7, 1.0, 0.0, 3.0]
1684073552.3625674 [42.9, 10.6, 12.3, 7.8]
1684073553.363984 [42.3, 5.0, 3.0, 3.0]
1684073554.3653536 [39.9, 5.9, 4.0, 4.0]
1684073555.3667102 [41.4, 5.9, 4.0, 6.8]
1684073556.3681023 [35.3, 5.0, 3.0, 5.0]
1684073557.3694406 [0.0, 0.0, 0.0, 0.0]
1684073558.3708005 [20.0, 0.0, 2.0, 0.0]
1684073559.3722773 [48.7, 6.9, 6.9, 6.9]
1684073560.373688 [48.1, 10.5, 6.1, 6.9]
1684073561.3751817 [48.4, 5.9, 7.9, 5.1]
1684073562.3766024 [48.1, 5.9, 11.4, 10.6]
1684073563.3779602 [36.0, 4.0, 4.0, 3.0]
1684073564.379325 [0.0, 0.0, 1.0, 0.0]
1684073565.3808582 [37.8, 1.0, 3.1, 1.0]
1684073566.3822963 [53.8, 4.1, 8.9, 10.7]
1684073567.3838751 [54.4, 8.7, 8.1, 9.7]
1684073568.385262 [54.1, 7.0, 8.9, 4.1]
1684073569.3866298 [56.1, 10.6, 11.7, 9.8]
1684073570.3878942 [30.2, 2.0, 3.0, 4.0]
1684073571.3892913 [0.0, 0.0, 1.0, 0.0]
1684073572.390672 [50.3, 7.1, 4.1, 7.1]
1684073573.3920648 [58.4, 7.2, 2.1, 4.3]
1684073574.3934827 [58.5, 7.3, 5.2, 6.2]
1684073575.3951128 [59.0, 10.9, 3.1, 3.2]
1684073576.3965952 [59.0, 9.2, 7.1, 10.8]
1684073577.397974 [21.6, 4.0, 2.0, 2.0]
1684073578.3993409 [0.0, 1.0, 1.0, 1.0]
1684073579.4007268 [60.4, 11.8, 4.3, 3.3]
1684073580.402155 [60.5, 10.1, 9.2, 7.4]
1684073581.4037616 [60.9, 10.8, 7.3, 4.3]
1684073582.4052773 [60.9, 10.0, 6.3, 11.0]
1684073583.406667 [61.1, 6.3, 6.3, 6.3]
1684073584.408166 [3.9, 1.0, 1.0, 0.0]
1684073585.4096167 [14.8, 2.0, 0.0, 0.0]
1684073586.4109743 [64.9, 5.3, 5.6, 6.4]
1684073587.4126315 [64.9, 8.2, 11.6, 8.5]
1684073588.4139926 [64.9, 4.2, 9.6, 9.3]
1684073589.4156647 [64.1, 5.3, 7.6, 4.3]
1684073590.4171014 [56.3, 5.2, 5.4, 3.2]
1684073591.4185216 [1.0, 1.0, 0.0, 0.0]
1684073592.4198246 [33.9, 4.1, 2.1, 7.8]
1684073593.421248 [67.1, 3.3, 5.6, 5.5]
1684073594.4226713 [66.9, 7.4, 4.5, 9.4]
1684073595.4243224 [66.4, 4.3, 3.4, 6.4]
1684073596.4258358 [66.2, 6.4, 3.4, 6.5]
1684073597.4272912 [46.6, 2.1, 7.1, 7.1]
1684073598.4287307 [0.0, 2.0, 1.0, 0.0]
1684073599.430123 [49.6, 7.3, 6.1, 3.2]
1684073600.4316409 [69.1, 4.7, 6.5, 6.5]
1684073601.4332228 [68.3, 5.7, 4.3, 7.5]
1684073602.4346755 [68.3, 7.7, 6.4, 10.5]
1684073603.4362257 [67.6, 5.6, 2.2, 4.4]
1684073604.437722 [33.1, 1.1, 0.0, 4.1]
1684073605.439132 [0.0, 0.0, 1.0, 2.0]
1684073606.439818 [64.9, 4.4, 4.3, 4.5]
1684073607.4412796 [71.7, 6.5, 3.3, 4.4]
1684073608.442704 [69.9, 2.2, 4.3, 5.4]
1684073609.4442074 [70.7, 4.4, 3.2, 6.4]
1684073610.4456496 [69.9, 4.4, 5.3, 4.4]
1684073611.4471014 [14.2, 2.0, 1.0, 1.0]
1684073612.4485412 [8.9, 0.0, 1.0, 1.0]
1684073613.4499128 [74.1, 4.5, 6.7, 4.5]
1684073614.451434 [72.8, 5.5, 5.5, 4.4]
1684073615.452984 [71.3, 7.4, 3.4, 4.4]
1684073616.4544427 [72.7, 5.4, 3.3, 6.5]
1684073617.455929 [67.9, 5.4, 4.4, 4.4]
1684073618.457337 [0.0, 0.0, 0.0, 1.0]
1684073619.4587233 [26.2, 1.0, 1.0, 1.0]
1684073620.4602401 [75.6, 5.6, 4.4, 7.5]
1684073621.4616501 [75.2, 7.5, 2.3, 5.4]
1684073622.463117 [75.8, 8.6, 9.5, 4.4]
1684073623.4646842 [75.9, 4.4, 5.4, 3.3]
1684073624.466099 [57.9, 7.2, 4.3, 5.2]
1684073625.4674892 [0.0, 1.0, 1.0, 0.0]
1684073626.4689336 [46.8, 2.2, 2.1, 1.1]
1684073627.4704401 [78.7, 7.8, 2.3, 6.6]
1684073628.4719408 [79.2, 4.5, 5.6, 7.6]
1684073629.4735215 [78.1, 8.7, 8.6, 4.5]
1684073630.4749086 [79.4, 5.7, 4.5, 8.6]
1684073631.4765944 [42.5, 4.2, 1.1, 4.2]
1684073632.4779844 [0.0, 0.0, 1.0, 0.0]
1684073633.4793901 [66.4, 3.3, 2.2, 3.3]
1684073634.480807 [82.6, 5.7, 6.6, 5.6]
1684073635.4822886 [83.5, 3.5, 1.2, 3.5]
1684073636.4838133 [82.5, 5.6, 3.4, 6.7]
1684073637.4853146 [82.6, 6.7, 4.5, 3.4]
1684073638.486739 [24.5, 1.0, 2.1, 2.0]
1684073639.4881144 [0.0, 0.0, 0.0, 1.0]
1684073640.4895113 [89.0, 6.6, 5.7, 1.2]
1684073641.4910612 [89.3, 3.4, 1.2, 5.6]
1684073642.4927058 [90.1, 4.6, 7.8, 6.7]
1684073643.4941657 [90.0, 7.7, 3.5, 3.4]
1684073644.49474 [89.4, 3.4, 4.6, 5.6]
1684073645.4962118 [2.0, 0.0, 0.0, 1.0]
1684073646.49768 [19.0, 3.1, 1.0, 0.0]
1684073647.49919 [91.8, 10.1, 4.7, 2.4]
1684073648.5000272 [89.3, 9.0, 6.7, 3.5]
1684073649.5015798 [89.2, 6.9, 5.7, 4.5]
1684073650.5031626 [91.8, 6.0, 3.5, 4.7]
1684073651.5040207 [74.3, 3.4, 2.3, 5.6]
1684073652.5054617 [0.0, 1.0, 0.0, 0.0]
1684073653.5068653 [42.7, 2.1, 2.2, 1.1]
1684073654.5079348 [95.2, 3.6, 6.0, 5.8]
1684073655.5095558 [96.2, 5.8, 3.7, 2.4]
1684073656.5106173 [96.2, 3.6, 4.8, 5.9]
1684073657.5121562 [95.2, 3.6, 4.9, 4.8]
1684073658.5138764 [57.3, 3.3, 1.1, 2.2]
1684073659.5152886 [0.0, 0.0, 1.0, 1.0]
1684073660.5158126 [65.7, 0.0, 1.1, 2.2]
1684073661.5173795 [99.0, 7.0, 3.7, 3.7]
1684073662.5188723 [99.0, 7.0, 3.7, 4.8]
1684073663.5203888 [100.0, 4.8, 4.9, 4.9]
1684073664.5218036 [100.0, 3.6, 2.5, 4.8]
1684073665.5233161 [35.6, 3.1, 2.1, 2.1]
1684073666.5238745 [0.0, 0.0, 1.0, 1.0]
1684073667.5252593 [87.9, 4.5, 3.6, 3.4]
1684073668.5267916 [100.0, 2.3, 1.2, 3.4]
1684073669.5282407 [100.0, 5.7, 6.1, 5.7]
1684073670.529728 [100.0, 4.5, 3.7, 4.5]
1684073671.5313165 [100.0, 5.7, 4.9, 3.5]
1684073672.5318942 [13.9, 2.0, 2.0, 3.0]
1684073673.5333138 [9.2, 2.0, 2.0, 1.0]
1684073674.5348914 [100.0, 3.7, 5.0, 3.5]
1684073675.5359457 [100.0, 6.0, 6.1, 4.6]
1684073676.5375602 [100.0, 2.5, 2.6, 1.2]
1684073677.5391142 [100.0, 6.0, 5.0, 4.7]
1684073678.540693 [90.1, 4.7, 4.8, 3.4]
1684073679.5421157 [1.0, 1.0, 0.0, 1.0]
1684073680.5434585 [32.0, 0.0, 0.0, 0.0]
1684073681.5450819 [100.0, 2.4, 5.6, 6.4]
1684073682.5457773 [100.0, 5.8, 5.6, 7.6]
1684073683.5472624 [100.0, 4.8, 7.7, 12.2]
1684073684.548816 [100.0, 2.4, 4.5, 5.3]
1684073685.5503724 [69.0, 5.5, 2.2, 5.8]
1684073686.5518136 [1.0, 0.0, 1.0, 0.0]
1684073687.5531964 [54.5, 5.3, 6.5, 4.3]
1684073688.5547116 [100.0, 2.4, 9.4, 6.7]
1684073689.5561802 [100.0, 7.8, 7.2, 6.7]
1684073690.5577626 [100.0, 2.4, 4.9, 5.7]
1684073691.5592384 [100.0, 3.4, 7.2, 3.4]
1684073692.560746 [46.5, 0.0, 5.3, 1.1]
1684073693.5621493 [1.0, 1.0, 1.0, 1.0]
1684073694.5634944 [77.8, 2.2, 1.2, 2.2]
1684073695.5649867 [100.0, 5.6, 7.1, 9.8]
1684073696.5664403 [100.0, 2.3, 4.8, 4.5]
1684073697.5679348 [100.0, 6.7, 4.8, 5.7]
1684073698.569463 [100.0, 2.3, 3.7, 4.6]
1684073699.570878 [23.0, 1.0, 0.0, 1.0]
1684073700.5722494 [1.0, 0.0, 1.0, 1.0]
1684073701.573643 [100.0, 3.6, 3.6, 3.5]
1684073702.5751307 [100.0, 3.7, 5.8, 6.8]
1684073703.5766072 [100.0, 5.9, 2.4, 2.4]
1684073704.5781937 [100.0, 5.9, 5.8, 4.7]
1684073705.579737 [99.0, 4.7, 4.8, 3.5]
1684073706.581163 [1.0, 0.0, 1.0, 0.0]
1684073707.5825465 [23.0, 2.1, 1.1, 5.1]
1684073708.5840344 [100.0, 4.7, 8.2, 4.8]
1684073709.5850887 [100.0, 8.8, 4.9, 3.5]
1684073710.586615 [100.0, 3.5, 6.1, 3.6]
1684073711.5881467 [100.0, 4.7, 8.2, 2.4]
1684073712.5897086 [77.8, 4.4, 2.4, 5.6]
1684073713.5910947 [0.0, 2.0, 0.0, 1.0]